Eigvals	68
2.6946261500826196	0.3786725961999962	0.28897710942654936	0.02008545089095555	0.01235284394858474	0.010675432975092713	0.007074023936994259	0.0061693055540881225	0.004795173106347167	0.004124429893267417	0.003231239711487241	0.0025446024153703284	0.002292316071403608	0.0016267147935109904	0.001552699252547428	0.001237421716747622	0.001133957129937857	0.000870443950274552	0.0007458867520597437	0.000703973604994661	0.0006666449840600464	0.0006054220822190347	0.0005817782675889729	0.0005546134292514965	0.0005411314063982112	0.0005153035285751372	0.00047694420903358187	0.00043690339712790195	0.0004217132572207412	0.0003680552450458086	0.000328251463227928	0.00031781624369297195	0.00031007622972546207	0.00028746606870101217	0.0002597829158925972	0.0002517321466647199	0.0002463914307467119	0.0002223885254122207	0.00019788008540975755	0.00018645549361240158	0.00016817550072881386	0.0001496784985329926	0.00013660749725514612	0.00012277417279912123	0.00011866701685020326	9.927518125037301e-05	8.144647064697616e-05	6.587892107848652e-05	2.600576784940318e-05	4.76436282706006e-06	0.0	0.0	0.0	0.0	0.0	0.0	0.0	0.0	0.0	0.0	0.0	0.0	0.0	0.0	0.0	0.0	0.0	0.0

Proportion explained	68
0.7805438639378228	0.1096888974361989	0.08370708848589851	0.0058180892540062165	0.0035782093727375337	0.0030923190229311132	0.002049110217831461	0.001787043295357825	0.0013890026802286437	0.0011947106077527323	0.0009359830229645238	0.0007370869615504084	0.0006640079714528422	0.00047120534713617146	0.00044976549866836975	0.00035844004856894484	0.00032846978780874696	0.00025213875559983314	0.0002160586645738944	0.00020391781536593627	0.00019310495139262369	0.0001753707063794503	0.00016852187711643277	0.00016065312401369528	0.00015674782894659344	0.00014926634898221393	0.00013815492579199765	0.0001265564300084142	0.00012215635005798108	0.00010661340279126635	9.508356676614131e-05	9.206082961330684e-05	8.981880416241168e-05	8.326939008144932e-05	7.525049845954515e-05	7.291845751182169e-05	7.137142916478797e-05	6.441858322920498e-05	5.7319300659701106e-05	5.40099751619332e-05	4.8714867238455956e-05	4.3356898911476704e-05	3.9570663168669226e-05	3.55636076735386e-05	3.437390075480134e-05	2.8756728856029984e-05	2.359234244829846e-05	1.90829394307927e-05	7.533008807630249e-06	1.3800779637357736e-06	0.0	0.0	0.0	0.0	0.0	0.0	0.0	0.0	0.0	0.0	0.0	0.0	0.0	0.0	0.0	0.0	0.0	0.0

Species	0	0

Site	68	68
GA17	-0.1671089744854612	0.02685401827677415	0.009157392311665962	-0.009642096070466477	0.00039606410133480503	0.004561833326104476	0.007824274708209235	-0.00838479105606158	-0.008713484473148118	0.005284458664232172	-0.003973006129281507	-0.000474170665151042	-0.0005533019696609366	-0.0008918246909087267	-0.007846805093516963	-0.006486896632779843	-0.001836332333987455	0.006830844935753078	0.004924511232953851	-0.0024945108279019507	-0.006216818251645553	-0.002314037088951446	0.0002107577725222672	-0.005974943089244861	0.0010917828493291304	-0.0024845187862022906	-0.0008010270681321284	0.00043212099013830915	0.0011324405715313279	0.0035478584756769116	-0.004857206163048092	0.0011955701825126185	0.003628016928579146	-0.0012072735235551357	-3.674130515936335e-05	0.004854772907731375	-0.0008961151862299299	0.0030742231247207616	-0.00034444056107821183	-0.0011749687574495636	-0.0019604562602376025	0.0012194775443336529	-0.002503026841374104	0.0006978878224984021	-0.0008815842302549394	-0.0017604321869268797	-0.00015946797630141381	0.0009317857319552171	0.0007422155982760276	1.4849902635853355e-05	-0.0	0.0	0.0	0.0	0.0	0.0	0.0	0.0	0.0	0.0	0.0	0.0	0.0	0.0	0.0	0.0	0.0	0.0
GA18	-0.16644217008082332	0.02601646890148706	0.00805797174509157	-0.013956876454959632	0.0012482421840611625	0.0013571434600082814	0.010308617436777516	-0.02086796376367422	-0.002746918154503287	0.0019001609821597972	-0.010604813192275865	-0.001988414548206171	4.485543912726013e-05	-0.004791090717021126	-0.01046715203339386	-0.0115261830725438	-0.00324551069039971	-0.00950593620916038	0.004601567558595606	0.000904999671372139	0.007299234301989148	0.003163297000076666	0.0024767175804455044	-0.0016960418351347959	-0.0005206671874175239	0.005073507954804784	-0.0007370904616162539	0.0019248665181570564	-0.0027273742785520424	-0.0005570823543855673	0.0049399353793833254	-0.00418570812358953	-0.0002915034676407683	0.001265157105481268	0.0024095988240979966	-0.0011850044574068135	-0.0004797590656172908	-5.4009964497524074e-05	-2.4274202117180318e-05	0.0010364315968433755	-0.0004982310856092437	-0.0008892365098167364	0.0003537915437592704	0.0003686520278604983	-0.00020037628790969882	-0.0004934560443686087	0.001051262542837605	0.0006806769002796895	7.723824799481211e-05	-0.00018702992857512192	-0.0	0.0	0.0	0.0	0.0	0.0	0.0	0.0	0.0	0.0	0.0	0.0	0.0	0.0	0.0	0.0	0.0	0.0
GA20	-0.16746764457071484	0.026500777386453636	0.0019098937044055222	-0.0025655889183173516	-0.0034133963871461966	0.004949951542688366	0.007274104738515963	-0.0007166884713951247	-0.005907737308393222	0.0016364598962641701	0.002240058328013782	-0.00012797697519353267	-0.0003465081196027511	0.0017852914633136327	-0.006324712312590226	8.507988149270838e-05	0.0038018996877544026	-0.0015245362738963016	-0.00503342672390588	-0.00029164122737115314	-0.000521640927002773	-3.9698152141450336e-05	0.00026768526119165065	-0.0002936625234382239	-5.2140354850860935e-06	0.0015564640574191515	0.0040926930577026115	-0.000212890445947	-0.0017570285088898546	-0.0034561864375129425	-0.003640149723535656	-0.002817607662566696	-0.00651405709623701	0.000521353332104029	-0.005903929063767071	-0.003044933974886943	-0.001093821215836697	-0.0015321310605555735	0.00048582900995013264	-0.0007070340676231262	-0.0005682322749644924	0.0042327840707252415	-0.0014504255195140641	-0.0010999614369016832	0.001364513989858142	0.0006582241997841931	-0.0026055962700287727	0.0006764228643808096	-0.0004524602377442865	0.00024962014139665885	-0.0	0.0	0.0	0.0	0.0	0.0	0.0	0.0	0.0	0.0	0.0	0.0	0.0	0.0	0.0	0.0	0.0	0.0
GA29	-0.1666747724433914	0.026156709678910428	0.005892237085739211	0.0011648761438217328	-0.0061472123672019	0.01810918504654138	-0.005671139908130726	0.02716295745017125	-0.018244161813551815	0.008996340734384906	0.009960849385446995	0.005176662293499782	0.0049189665994944475	-0.003935814910034424	-0.0038276285801747694	-0.011768178806497373	-0.0012225631745008895	0.00020825953706749735	0.0005462303723459074	0.0016437405843609848	-0.002471410979294722	0.0010775841115083723	0.0009782635445294118	0.005132127316939835	0.000614365055070372	-0.001341490581212638	0.0005083909303299359	0.0011179988874178072	-0.0005836162390582377	-0.0013785257392999405	-0.0003079004719434603	-0.0006317051213156183	0.0011429994979181807	0.00035352029847463424	0.0013804292916264186	-0.00011066636782097965	-0.0009845959493180619	-0.0005568902625148497	-0.001219472500363434	-0.0005913263224506326	2.7354888236746978e-05	-0.00027687254735399893	0.0002157394653142268	-0.0006357737514538611	-0.0007608331135863438	0.000937939975651826	-0.0006903481545803208	-0.001470915288895644	0.00011342786917659616	0.00016367561373250458	-0.0	0.0	0.0	0.0	0.0	0.0	0.0	0.0	0.0	0.0	0.0	0.0	0.0	0.0	0.0	0.0	0.0	0.0
GA33	-0.16730809813226188	0.025513750212807555	-0.0035941227282969496	0.007709376177733546	-0.005025843094226386	0.002972637323681961	0.003650606935134585	0.009618566578577438	-0.00048666566079838926	-0.002714369128988619	0.007606150704555365	0.0021018835185395214	0.004321472333869292	-0.006237836431363055	0.0011225567226482848	-0.00034470477849384565	0.00011931725490472824	-0.0006336109008459281	0.007264382273875267	-0.0010546543586998501	0.0014552791084832218	-0.006616431885930784	-0.009455700430453753	-0.005662339765400293	-0.005212104962835341	-0.004623680903527657	0.0035357568360861835	0.0003005131408779908	0.0029728846128721956	0.005400161370808117	0.002708074593533582	-0.0013670133898673806	0.001812511195271865	0.0022179306383798623	-0.0020223165006331345	-0.003555054415193363	0.0011439483340623528	-0.003065214316205876	0.001276339237340938	-0.0005998413462862732	-0.0006571124428191671	-0.0005668994384884183	0.0019044991251274755	-0.00027878341290397995	-0.00026875831510942696	0.0008706849866355874	8.267172055077323e-05	0.001911798154898189	-0.0003767897242099884	-8.702602548039225e-05	-0.0	0.0	0.0	0.0	0.0	0.0	0.0	0.0	0.0	0.0	0.0	0.0	0.0	0.0	0.0	0.0	0.0	0.0
GA40	-0.16769658652949626	0.025381497940863022	-0.007406002656108731	0.012408077804286727	-0.0036501843281656165	-0.002465161344867417	0.007082244104051942	-0.00018281483388169552	0.0018743581151665423	-0.003092080369186485	-0.002977076846775688	3.321858365474862e-05	-8.804802099614863e-05	-0.0030732665140929716	0.0009709294495284386	0.00010442480338393181	-0.004106236739683842	0.0025125068461585775	-8.948653729036512e-05	-0.0009361959844676037	0.0033563335907616345	0.0006734202418646946	-0.0008214042427182719	0.0013542589932963665	-0.002756497404531561	0.005386327162384066	-0.0037194106985266296	0.002490939547430294	-0.0018812200385035563	0.0024495030843256415	0.005625408841226785	0.006478552365019838	-0.00023120661577415906	-0.002774896112468576	-0.0018232446672125735	0.004688538532609291	-0.00027346909358599435	-0.0007225617292230909	0.00012793095511440825	0.0007644575851956152	0.0016678117616860891	0.002199719446373771	0.001507667183089695	-0.0034749469829202418	-0.002071078081538074	0.0012048970098569212	-0.0032497448236552522	-2.141207635845988e-05	0.00044056868434518085	-4.932255328656969e-05	-0.0	0.0	0.0	0.0	0.0	0.0	0.0	0.0	0.0	0.0	0.0	0.0	0.0	0.0	0.0	0.0	0.0	0.0
GA47	0.007036272373901129	0.000314408339720268	-0.03191110097887032	-0.001228280292477998	0.006620717297548437	-0.01992090571768125	-0.0009854449716945174	-0.005457642723170104	6.553792625369346e-05	0.0023811877884867554	0.003941406590814241	0.0005059501550023184	-0.005489082420073578	0.001921834633323234	-0.0023940050263930868	0.0008093119405854867	0.0009234659121563039	-0.018197414264735024	-0.0004003123521750684	0.0005781605184087876	0.00104555230883027	-0.001738468669069384	-0.0030884339947564307	0.0027341351671078054	0.00038726938469120053	-0.000294375226691212	0.0024308086300969924	-0.0034113300987854557	0.001316552300704088	0.004824678022171909	-0.0024885317905499285	0.0024041604433330988	-0.0001816448358671377	-0.0014062994389306192	-0.00025376009107338924	0.0018650448525880756	-0.0015829795479049924	-0.0008669912801363841	-0.0011520821042667198	-0.0018907859089685682	0.001073614411360203	0.0016031919233422953	-0.000544852718487137	0.0014907002130588247	0.0005804412140949543	0.00104683783455061	-4.698491753980019e-05	-0.0010562436035897506	0.001052620107827836	-0.00028719475473130024	-0.0	0.0	0.0	0.0	0.0	0.0	0.0	0.0	0.0	0.0	0.0	0.0	0.0	0.0	0.0	0.0	0.0	0.0
GA64	0.06999012023344282	-0.014790854975518113	-0.02340596095195227	-0.031098214508860453	-0.003527293938318525	-0.017165968010320432	0.0032242143771563803	0.02115521672936245	0.0010476514586729273	0.0013080127759315604	-0.00421539741984922	-0.034887521307906406	0.014939687105794783	-0.003995016939770543	0.007121596865207425	-0.0016558743574857017	-0.0038188240029422903	-0.0002584563929819081	-4.485686860370526e-06	-0.006185959915613239	0.002744212454086177	0.0034268215598641	0.0002535254015762067	-0.00020637946597569049	0.0032893503288625395	-0.0021382822736916917	0.0015261619123940898	-0.0015413645904054822	-0.0004987670032194348	0.0006831239152979433	-0.0004599001077559149	-0.00041917063917147347	0.00011943045174519156	-0.0015170048702279222	0.00021065689954308372	-1.9737826605432165e-06	-0.0003781041544272463	-0.00031297390744139695	1.3207612618722643e-05	-0.000910066286354396	0.0002592814768152449	0.0003937976281301935	0.0003001628760719432	-0.00034929816723407484	0.00015930139964640057	-5.2912674046300726e-05	-6.712617763563302e-05	-2.2839216515801174e-05	8.87194211127671e-05	7.21696336395855e-05	-0.0	0.0	0.0	0.0	0.0	0.0	0.0	0.0	0.0	0.0	0.0	0.0	0.0	0.0	0.0	0.0	0.0	0.0
GA65	-0.1674735609458726	0.0250222106988015	-0.008226006044366501	0.015501059544849856	-0.00497188642655889	0.000722377414575376	0.0016353150074669592	0.015752072519793145	-0.00168668131731241	-0.000787138922737052	0.009876390622784175	0.0031860272552192252	0.002628388116306752	0.0011259713388912203	0.004704539611722192	0.002669628251518989	0.00032934849984336974	2.197014428292548e-06	0.0010062876198237826	-0.002981413140953676	0.0025088786817914935	-0.0003757005495826733	0.000921204477799758	0.0004570407363303607	0.004285122405478413	0.0010350605067153927	-0.001209217284088592	0.003479688102954202	-0.00018568484190756537	0.0009601517694625822	-0.0033571877479763716	-0.0007616706984796175	0.000336469982961152	0.0028380608970227823	-0.001034101086516746	-0.0008524937617136731	0.00108090893272699	0.003806370834920623	-0.001225592681559726	0.00144771255970207	0.00012984835196931186	-6.992736473437303e-05	-0.0011038294544452867	0.001006636620809346	-0.0007321650840380565	0.0009055804749156689	-0.0016471042005001713	4.846743832223633e-05	-9.969319085350375e-06	-0.0009782966930124187	-0.0	0.0	0.0	0.0	0.0	0.0	0.0	0.0	0.0	0.0	0.0	0.0	0.0	0.0	0.0	0.0	0.0	0.0
GA67	-0.1681492052620931	0.024911655348399977	-0.010275571333278354	0.01853476466161592	-0.0001970768806274116	-0.006434064363522816	0.0033014298636520924	-0.003693143580055473	0.0022498099679543813	-0.000411587813177339	-0.004949148776858831	-0.0008698637171274689	-0.0012229539001924823	-0.00035910213272970714	0.0004040815834637299	0.0007174746638361096	-0.0037950960798765116	0.00044225574903599215	0.0009415160494722959	0.0020118254018561426	-5.557099901273627e-05	0.0011042783373805937	0.0014622422750140648	0.0007990668217334384	0.0019719713953468636	-0.0007766413901408738	-0.00010962876149732092	0.004382985844905454	-0.00174421513406009	0.0027512446071322016	0.0013862511562612743	0.00010273834605047393	0.0044408150001922254	-0.003035951507213816	-0.002336213667892538	-0.0031545178071571947	0.00025683695514650446	-2.912948263852413e-05	0.0018941420615153951	-0.0019852791421841615	-0.0031134672748223437	-0.0027543084390725336	-0.0011995000338057061	0.0011986550217418647	0.005455451700723702	7.144565798483421e-05	-0.0018096749235087062	-0.002557893662518574	-0.0004612503247430206	0.00019171987590890427	-0.0	0.0	0.0	0.0	0.0	0.0	0.0	0.0	0.0	0.0	0.0	0.0	0.0	0.0	0.0	0.0	0.0	0.0
GA77	-0.16491329278719785	0.025672562010498952	-0.0010751350238143555	0.005306271804212091	-0.004266407176568955	0.002707437661010494	0.004510175611898931	0.008541863066766124	-0.0008752571186511667	-0.002071631354714947	0.006871592948735595	0.0013067004017283087	0.002403397489296963	0.00022917813730413079	0.0002410130519678324	0.004238995711020592	0.004098821529486789	0.005057209566957301	3.540847401519426e-05	0.00380249690721878	0.0013563564204684146	0.0008367486978041978	0.007263070685657608	-0.008177296108982872	-0.003952132303812035	0.0017231600828797901	-0.0017357807430010566	-0.0017964867117181806	-0.003951356161211707	0.003965248792260732	0.000365082216780616	-0.004628804408989708	-0.0024727981968286203	-0.005114412537141395	0.0016188338397692893	-0.0010107308747848956	0.0011279024315175735	0.000890596980818883	-0.0019173540975356534	-0.0011848263635530357	0.0033758107854918633	1.007575638121615e-06	0.0005732742396805867	0.0011597205191182642	0.0011177185990641928	0.0016263230432033494	0.0006572082185045498	-0.0011509116290237523	0.0011879377367975668	-5.569920184478601e-05	-0.0	0.0	0.0	0.0	0.0	0.0	0.0	0.0	0.0	0.0	0.0	0.0	0.0	0.0	0.0	0.0	0.0	0.0
GA79	-0.16768010289456597	0.023967945649950365	-0.013314551030054845	0.029763907480884234	0.005531351379600881	-0.008966834716726555	-0.012407487269605437	0.0002929441023306084	-0.0038839415643195387	0.008391252325761713	4.392925855610042e-05	-0.000682344034175978	0.0019890730472681382	-0.00041343302559603565	-0.0020515017936505605	0.003053010404785168	0.000820882022028333	-0.0024723768789930217	-0.0030857079610327434	0.004223702595662518	0.0030147830276573673	0.0022175624456624325	0.0016078937443061653	5.5687917801357804e-06	-0.0028770596788323857	-0.00022594264782557506	-0.0007608940656885063	-0.0029215736724303673	-0.0006289443653326556	0.002220192712718685	-0.0028652417564546074	-0.0013259661206589171	0.005346293839116265	0.002052641646331726	0.0017943866377151743	0.0017093698822962782	0.0034693919521833426	0.001962800891226244	0.00011339519365100477	-0.0021177472700685904	-0.00018298333963063368	0.0017441695735190066	9.822519503939782e-05	-0.0015404648673544448	-0.001212832935195519	0.001529855780429244	-0.0003254631623869073	0.00022474218579741288	-0.0014166081304621922	0.00014121955341622026	-0.0	0.0	0.0	0.0	0.0	0.0	0.0	0.0	0.0	0.0	0.0	0.0	0.0	0.0	0.0	0.0	0.0	0.0
GA83	-0.16753859053623857	0.025510408640818768	-0.006272715641845161	0.010451937957983989	-0.005220268711463836	0.0011908503065697611	0.005908009036421195	0.008364249090458182	-0.0013984510141335342	-0.001431903589723583	0.004794839744605359	0.001137195614533387	0.0004608090303354229	-0.0002878981342036213	0.0014249957716943348	-0.0002463425314101713	0.004174062763493709	-0.0032236974768466995	0.00022723189638511733	0.0018919972024177155	0.002700850016830793	-0.001515260311292333	0.0047389567359002295	0.003972784643908836	0.0009866960160320863	-0.000898029514667794	-0.00018583270683230748	0.0008371592891578332	-0.0010325670260473156	0.00047567565233904216	0.0005860904550479337	0.0050505643172899265	0.0008475582413882833	-0.004561271270677778	-0.0009436477308497028	-0.002682834134276259	-0.00365764617294048	0.004765530701805745	0.004377342093784817	0.0007858086520301338	-0.0018904636599467	0.0019315116200641076	0.00025852559629392874	0.001323622791053394	-0.0008228088425417566	0.00019648312082336562	0.002502682924366485	0.002635889794421594	-0.0003321555851399469	0.00045644424710716147	-0.0	0.0	0.0	0.0	0.0	0.0	0.0	0.0	0.0	0.0	0.0	0.0	0.0	0.0	0.0	0.0	0.0	0.0
GA86	-0.16677061125169734	0.024876393566884477	-0.00506833929059774	5.157401433172915e-05	-0.0032211241320501283	-0.00266450666409856	0.012638922329468954	-0.017424667488850645	0.0070138688688355846	-0.006977130800651173	-0.012679668631947116	-0.004373346107874884	-0.0017321068426108146	-0.012658875467636192	-0.0024195725837572284	-0.006768236997925498	-0.001693324320783423	0.005730560070850002	-0.001822777415897034	0.0030296750292045775	-0.004081763255159329	-0.002463663025740599	-0.004986565963651827	0.006731592854038786	-0.0018146197177141448	0.0005637588805354329	-0.0008192730730668567	-0.004319535341971879	-0.0010317366332635012	0.0004856029302872413	-0.005418745194252457	0.0030751031191103206	-0.0010543634485597998	-0.00025068163207880834	-0.00033364533502328324	-0.0021914571412893044	0.0024347709710804016	0.0001996118911894002	-5.352914520573405e-05	0.0010309020358306253	0.0013525769460651178	-0.0006449058305464007	0.0009789245215995348	0.0006629296890486975	0.0003325477395477288	0.0009318918292236957	0.0002854879598715623	-0.001395101388735225	0.0003308895681514668	7.960073044463996e-05	-0.0	0.0	0.0	0.0	0.0	0.0	0.0	0.0	0.0	0.0	0.0	0.0	0.0	0.0	0.0	0.0	0.0	0.0
GA87	-0.16787555929865716	0.025143107194184673	-0.00963764473209704	0.016095539673583983	-0.001479176931311576	-0.005544534531241667	0.00653780207235406	-0.0035063254689215065	0.0027294196582560173	-0.0017545479762854325	-0.005404310102657869	-0.0010816673922972645	-0.0019741200100833727	-0.001081788362256566	0.002639358826607855	-0.00028118206261783664	-0.0030064353338513524	0.0006951121512213989	0.001447967578709139	0.0008610938231173383	-0.004190460882767987	-0.0017750344072130165	0.002232075724182289	0.0020129735262172602	0.0026973275386152538	-0.0014991161239323058	0.001079848582190663	0.0017103970915394822	-2.8703939294217512e-06	-0.0004958184264802988	-0.0005299897466324125	-0.0007430512262171196	0.0003402086329851332	0.0019201115391482082	0.004625081696730074	-0.002873700450888311	-0.0026795159865602484	-0.00019280100313720893	-0.0048311372100562	-0.0021467017710404207	0.0050051761601297	0.002124028341761519	0.0023446631397090836	0.0017262482181977176	-0.0005615176952908872	-0.0005646945294250979	-8.159199448234722e-05	0.0012674093552789917	-0.0012318274403345035	0.00029323211059594645	-0.0	0.0	0.0	0.0	0.0	0.0	0.0	0.0	0.0	0.0	0.0	0.0	0.0	0.0	0.0	0.0	0.0	0.0
GA90	0.10285757568049932	-0.0007737209718279971	-0.016994613590731074	-0.003622311087609952	-0.02290289411045891	0.017354320451801106	0.005376523117273146	-0.008054799357839282	-0.005152023345549441	-0.007204958152490607	0.00955119154015339	-0.005147853043991197	0.0028990477540044393	0.0004874280319396108	-0.003962692153235617	0.0007050341502413699	0.008017375009161765	-0.0005804081547285668	0.003350466956438035	0.005167259763965824	-0.003684909482678812	-0.0003092108605489383	0.0029630297174438962	0.0006215095236258265	0.005508732482560024	-0.0029119446493971494	-0.00045393032116306724	-0.005442551962646917	-0.002675435993296914	0.0013358124099206946	0.0032127068681618814	0.0015915778813166944	0.0005489838368584403	0.004648971103690909	0.0007197665644035678	-0.0019625517715490598	-0.0014711729778565496	0.0009217286097226678	0.002763387498666126	0.0012683522410875845	0.00035867264560143395	-0.0005038096797368476	0.0013568530621174428	-0.0014573300739295812	-0.00042410496827893817	-0.000680955448623146	-0.0013102220107314424	-0.0010572429304954516	0.0005709795230678876	1.040903236452619e-05	-0.0	0.0	0.0	0.0	0.0	0.0	0.0	0.0	0.0	0.0	0.0	0.0	0.0	0.0	0.0	0.0	0.0	0.0
GA92	-0.1446275641914675	0.02389537912017703	0.026892843500863333	-0.019056206306799914	0.006919635270174838	0.01749709072830203	-0.02014462384629214	0.021009245342655896	0.002530021871623898	-0.003555667928174889	-0.008207686606811683	-0.012719832958547082	-0.024876081506556662	0.005048121371994808	-0.004098158934965294	0.0035479416123310003	0.003408144089779733	-0.0007863033539873797	-0.0013008025551963806	0.00037956608733893027	-0.0006547591252234787	-0.0019559513090774802	-0.0032774638747729208	-0.0007574885831975238	-0.0005208752648009756	0.00019824111513127435	0.0004948786031771746	0.0008844871807534062	-0.0005549883296327374	-0.0006185978532439443	0.00157956411434476	-0.0008235841145757415	0.00036001765757011464	-0.0008027654011000711	0.0003568871359306718	0.0002064691907492104	2.3027720087555e-05	0.0007570218065239347	0.0006839483680838302	0.0009326477862123896	8.595035859784719e-05	-0.0007353241960404062	0.00017648269650090835	-0.00035274676983191667	-0.00035599368065018555	0.0003607029002616857	0.000331485426976058	-0.0005568792628670952	-0.00022290315587704312	0.0001724568954786756	-0.0	0.0	0.0	0.0	0.0	0.0	0.0	0.0	0.0	0.0	0.0	0.0	0.0	0.0	0.0	0.0	0.0	0.0
GA96	-0.16570392478531495	0.024154607947102905	-0.011696700550219251	0.021139485165437944	0.002197093466882872	-0.006980014624715637	-0.005512919837889233	-0.0033919148833723976	0.005482186105086641	0.00046143483957916806	-0.002055509211268547	0.0009832416640996738	0.00222568063370814	0.006971243561991981	4.9241338702426076e-05	-0.001558422635330111	-0.00199450974558039	0.000889524602350148	-0.0015639677997371345	-0.003333878444870003	-0.004014181157469554	0.0029679167052243985	-0.0025524143447886237	0.003105942947073134	-0.0009801406674830662	-0.000308854634514645	0.0020507148815689068	-0.0032950283449871653	-0.00453276403832564	0.0038103970980084994	0.0015880220010938894	-0.005857161915059474	-0.00479699089201318	0.0001890751635043995	-0.00459904702226366	0.002371369595797209	-0.000561360005887971	0.0027430794752407784	0.0017722788497971799	-0.0006486469259664734	-0.00035261937702022193	-0.0024051636751633017	0.0019825125895532162	0.0014903889338185926	-0.0026389887434127087	-0.001543588608301894	-4.658487615716312e-05	0.0004352758354320156	-0.00010640193907411563	0.00010249031618295347	-0.0	0.0	0.0	0.0	0.0	0.0	0.0	0.0	0.0	0.0	0.0	0.0	0.0	0.0	0.0	0.0	0.0	0.0
GB101	-0.16738678624210881	0.02768437533599558	0.014236188725733684	-0.011864024480678498	0.002713074459816557	0.005005978874450597	0.005201290262481775	-0.007567968006206166	-0.00940660261482321	0.006854921846802066	-0.0012564417463706748	0.0020250866693499615	0.001928395775773094	0.005712692997944802	-0.0012806804397819105	0.0014817712338083917	-0.0013017108951472775	0.0010851056077732985	0.0019007916438039854	-0.0029456077035625587	0.0024065673310935155	0.0010293507866934006	-0.000403854690607017	0.0018287751233337127	-0.0005442300756318281	-0.0041801818842377315	-0.0017217665784933277	0.0017879715322027619	0.0013241450745018963	-0.003188263538568011	0.0001333630451381642	0.001923377183776358	-0.0007741107406910745	0.0007285115326761151	-0.001494220628615575	-0.0009679840113230935	0.0013487127323180707	0.00039526763274608034	0.0006952348941234675	-0.0007839815825566382	0.0019406989498676989	-0.0009930146814532532	0.00216798633793276	-0.0014485138878172427	0.0005579211881800548	0.00019107988837339764	-1.093020464052917e-05	-0.001162460507635528	-0.001365617093844441	-0.0005060105850343023	-0.0	0.0	0.0	0.0	0.0	0.0	0.0	0.0	0.0	0.0	0.0	0.0	0.0	0.0	0.0	0.0	0.0	0.0
GB102	-0.1675119354806014	0.02572630274134984	-0.005272507633872589	0.007687804265203427	-0.005888138016940467	0.0017179504884161554	0.007822529436849605	0.007034245393818713	-0.0016416096110652108	-0.002569298735539001	0.005985303621610875	0.0012050811807707894	0.0004204123588250426	-0.001497906488112561	-0.0019148883012606076	0.002584102141706663	0.0024520421075249687	-0.005890418694083934	0.0002293734658386069	0.0020672576168156665	0.0031343956426046478	0.0007940145785041979	-0.000604908451845345	-0.0028885108499528338	0.0014845441610887465	-0.0011537171615504758	-0.0003632609955368588	-0.0027335764469764885	0.002687320407181503	-0.0010970546366410004	-0.0017005747338400925	-5.86661022485657e-05	0.00033679499912986404	-0.0026829516546760723	-0.0003335998771277495	0.0037791717657833473	0.0018108492436597152	-0.001530400422445258	-0.0020118144179365953	0.004428387608439988	0.0007229811318886083	-0.002516954996767572	0.0003835233422067267	0.0012737435566045536	-0.0006090581936909146	-0.004684291464147999	-0.001985656553500606	-0.0006471876369564021	-0.001126060429135414	0.0006026968874457118	-0.0	0.0	0.0	0.0	0.0	0.0	0.0	0.0	0.0	0.0	0.0	0.0	0.0	0.0	0.0	0.0	0.0	0.0
GB105	0.1432272671164396	-0.16575983882213763	0.005835979745344817	-0.014812273012731978	0.01468501838867027	-0.030256662165327824	-0.009144586521112327	0.013862854515857774	-0.01173598702353177	-0.012196036676141622	-0.015848515186273626	0.007456751065142481	0.009130557322948622	-0.0033115745807951753	-0.007337581973395086	0.003853549273195753	0.002789113998253727	-0.001128657204375559	-0.0025848713515977837	-0.0025686047238642298	-0.001418292614706204	-0.0017202459380969645	0.001466993382873413	0.00015278947068253387	-9.92795038641614e-05	-0.00012785412668029955	-0.0005588576961506918	0.00025925134494920456	-0.000593568290878233	0.00019431376675711675	-0.0002423795745592311	-0.00014426861244599254	0.0004591484882167772	0.0004304106148982662	0.00015824767990413975	-1.8608223663819445e-05	-0.00048549531753156984	-0.00012688194950779104	5.0409896467774185e-05	-0.0002779499121822638	-0.0004644746430524241	-0.00020322409424622327	0.0010799489904877138	-0.0007409145136730088	0.00022503833525196586	-0.0004856751861008011	2.9040378475474115e-05	-6.445929397398166e-05	-3.146595687277035e-05	-7.49315971188381e-06	-0.0	0.0	0.0	0.0	0.0	0.0	0.0	0.0	0.0	0.0	0.0	0.0	0.0	0.0	0.0	0.0	0.0	0.0
GB108	0.25386982603213515	-0.1581109108736857	0.030321002652369825	0.021142387385831022	-0.0028545775397900005	0.007512854210811518	-0.009307470553277302	-0.006733166256954362	-0.00822957739729028	-0.004571224472014646	-0.003763541959227057	-0.0056366922699717945	0.005255008636278267	0.0007011692821398887	-0.0019069527050158965	-7.068754195296536e-06	-0.001194563867672208	-0.0031437638254219625	-0.005366089713505859	-0.001507362373767567	-0.0019829051806823537	-0.004980290023759512	0.0024212432524451577	-0.002198612505440443	-0.0017736116762634832	-0.006652988882534416	-0.004255141775440512	0.0021453384581751746	-0.004913605609234954	-0.0010877518541078089	0.0020577020225822002	0.0013655712489115453	-0.0005603111355130105	0.002024790877935079	-0.00012213830512369474	0.0007842535408556814	0.0031769713654184314	-0.0012233668540939935	0.00013527056450434282	0.003254056733292723	-0.000947398256477211	0.001392839980991009	-0.0005990748219563681	0.0033985172252389887	-0.0008063959815549793	0.0010650577744307909	1.2691872427700459e-05	-0.0003253110733040582	4.1086789169921346e-05	-9.19013115799751e-05	-0.0	0.0	0.0	0.0	0.0	0.0	0.0	0.0	0.0	0.0	0.0	0.0	0.0	0.0	0.0	0.0	0.0	0.0
GB110	0.6092502422905095	0.18842708884168616	0.005828020992800683	0.017968706151820484	2.6345082896196054e-05	-0.01978879109278724	-0.015418123055066244	-0.0029825369375541667	0.003919618575655805	0.010379578205461202	-0.0006780678755752815	0.004337519091896588	0.001957232858101341	-0.0055265070281312325	-0.0037726845331083002	0.0007022062596274058	0.002878589586834899	0.002432774681506097	-0.00010031043731585658	-0.0022038737886009713	0.0027793992163123024	0.004485368036750945	-0.002087762102703708	6.751929412834134e-06	0.0025242789209560792	0.0017790000085221424	0.0013255579412523534	-0.0016574199910873685	0.0013533582240341676	0.0004669498191265002	-0.0008136234406968206	-5.1818463980091446e-05	0.00026863715686798725	-0.0007147068385525019	0.0001887164142190453	-0.0006017760593001048	-0.00023668129905866328	3.7336287937617444e-05	0.00045546866314005144	0.00025726576950359974	-2.6792586616494055e-05	0.00038092216149663156	-0.0001454194496803197	0.00035927371736982946	-0.00021370290507434945	9.015621450038708e-05	0.00019294781067302386	3.661860304433708e-06	3.779569244252547e-05	-3.457759033883591e-05	-0.0	0.0	0.0	0.0	0.0	0.0	0.0	0.0	0.0	0.0	0.0	0.0	0.0	0.0	0.0	0.0	0.0	0.0
GB111	0.10752438047478655	0.000765040977541145	-0.022310264365900806	0.014162614517030454	-0.02277016750767858	0.006688428909190028	-0.0018781720318530551	-0.006701188629231108	0.0009639427395884843	-0.0012978765880348833	0.0049046352075537624	-0.003731351590415034	7.560406161159135e-05	0.0005135902811334696	0.004651989182404129	0.002463380313312988	-0.005812693314010325	-0.0034008415058834275	0.003283003378853746	-0.005998636652753637	-0.006507895569306523	-0.002272584738222545	0.0047075131694580925	0.005107535776410223	-0.005206405064627332	0.0042266479592963	-0.004051114974547858	0.003942872805434437	0.00398973975058264	-0.000213855166796338	-0.0003270049872648581	-0.003456796847387066	0.0012411343940577878	-0.0013184933287689615	-0.0014772630077075622	0.0009407089587623376	-0.0024629254388532336	-0.001580076531609313	0.0003044364997893269	0.00030045088853433455	0.0006094601682142737	-0.0010257608996751065	-0.0013086888665101233	0.0013394950326393931	-0.0005913553378124342	0.0006836447714515828	-0.00037531257240349617	0.00015863978530634336	-0.000746954986633207	0.00010041638000895235	-0.0	0.0	0.0	0.0	0.0	0.0	0.0	0.0	0.0	0.0	0.0	0.0	0.0	0.0	0.0	0.0	0.0	0.0
GB118	-0.16757648784946763	0.025446386874280448	-0.006343117359423202	0.010449101845894117	-0.005253204702001014	0.0009288444463065312	0.0060822766768586275	0.007053616752531813	-0.0006549022341440876	-0.0020093745196424154	0.00422357234843144	0.001194839213320408	0.0010672299111769623	-0.0017127453994946942	0.0016201619301054013	0.0014566166318722119	-0.0005531441042271354	9.810518281356063e-05	-0.0014964793384373454	-0.0018521556502641952	0.00018436717485874473	0.0005076783027166888	-0.0022184800145327276	0.0018178401686474264	-0.0006653342703523315	0.003682185746407682	0.0021583932362027585	0.0012850082801096005	0.0009876682861532662	-0.0059239994154009065	0.002320962706595228	-0.0003980635156094059	0.0010269294625079054	0.003796549039126522	0.002157735221565875	0.0033663069334972043	0.004875396127385703	1.1516490809192416e-05	0.005671245969416074	-0.004968152030578015	0.0020451464044939907	0.0013907705308064211	-0.00037095521253991217	0.0028994312335687573	0.0010975517230560731	-0.0017710071875554675	0.00027090806519494183	-1.021015624306841e-06	0.0012494266082411782	0.00015786955389447533	-0.0	0.0	0.0	0.0	0.0	0.0	0.0	0.0	0.0	0.0	0.0	0.0	0.0	0.0	0.0	0.0	0.0	0.0
GB119	-0.16731921502983282	0.026506150615150954	0.011315527644498368	0.011078702825675347	0.006168644098930754	-0.008594861536003617	-1.551210491315286e-05	0.002221258381856854	0.01672509566645601	-0.00829316368712059	-0.01028892895173889	-0.009614892625082014	-0.01218907626026336	0.008069560062602859	0.0015871171270067062	-0.004774904135815724	0.007428423462632807	-4.996268605212172e-05	0.003659570208870121	-0.0003945506846815681	0.0014551340362469482	-0.0008462096520020625	0.006519919975854063	-0.0006403182707372945	-0.004468490592881603	-0.002132363163683397	-0.001660935049448657	0.0011794547790572308	0.003609438515858527	-0.0008831683394402904	-0.0021553039305608405	0.0010088467263133607	-0.0007478985163657369	0.003037885307120025	-0.00013518874668627163	-0.0008127864769915211	0.0010386427945852828	-0.00023679075480933178	-8.773001432292523e-05	-0.0001560922805981188	-0.0008140729419990335	0.0011930807900174276	-0.00012413775280284208	-0.0006834039897878646	0.00015680388510657582	-0.0012443970800371227	-0.0009205392739809487	0.00045418071470352763	0.0005143415414736716	-0.00028027459128209865	-0.0	0.0	0.0	0.0	0.0	0.0	0.0	0.0	0.0	0.0	0.0	0.0	0.0	0.0	0.0	0.0	0.0	0.0
GB120	0.027877571634226182	-0.0004040864452518655	-0.031220584177539448	-0.001624807247832923	0.0017960217079924566	-0.014269367739142877	-0.004207460509413657	0.002156962718524987	0.00043623759135789767	0.0006354601726083692	-0.0015541870141560692	0.00225876127662782	-0.0021009313390087814	0.0009915313328636344	0.0038143795340492316	0.0004920507986745818	0.0016488193404345663	-0.0009352939933898966	0.002497569468390317	0.005412370836670131	-0.0035992264472409687	0.0037746308360381833	-0.00524059545769972	-0.005196575235117054	0.006921727305647237	0.002269436648397104	-0.012115306265638271	0.0024402221393874436	-0.0008844351118583775	-0.0002438570720884008	-0.003005323941137597	-0.002563356435243028	0.00023697394818694058	0.0008988265053350641	-0.0004323759304452951	-0.0003776146337446336	-0.0005002704373556586	-0.0029047163639529363	0.0029228911834427154	-0.00048534300239288884	1.7129799080529852e-05	0.001833685104784478	0.0016425839366463696	-0.0006343562330027976	1.7814838606732363e-06	0.00032983280932631675	2.1056081905356246e-05	0.0006203468357413273	-9.445752795459504e-06	0.0002808143765953229	-0.0	0.0	0.0	0.0	0.0	0.0	0.0	0.0	0.0	0.0	0.0	0.0	0.0	0.0	0.0	0.0	0.0	0.0
GB123	0.2613396727851911	-0.15679174534246168	0.013926853796973818	0.0238970029541785	0.005586677842034634	0.017536593582544585	-0.00773008210699934	-0.008040708400441982	-0.01325680203498413	-0.007614309805748734	-0.008265512145916724	-0.0027894076402733797	0.002454198617568149	0.005515076015060588	-0.0016617067524544089	0.0023526998124188134	0.006058203365664451	0.001007439613736693	0.005323458775027453	-0.00117667528676278	0.0010578735861218641	0.0038252349301341245	-0.0022517565794408756	0.0009846417376499924	-0.001790210045824482	0.005044850037196754	0.0014614643084268932	-0.0005982647745395224	0.006576615705582528	0.00016367931719988812	-0.0020200249791489534	-0.0008818067469561979	0.0007295625068871906	-0.0021079959090541285	0.00013196524227516247	-0.0020028790056275743	-0.0014894386956583302	0.001716903893733027	0.0002904811372529185	-0.0012661371711148912	0.00037831469183185465	-0.0005874085298083419	0.0013529444227639582	-0.0008381926020501416	-0.0006210340199766626	-0.00022826703408324045	-0.00013583738867684023	-0.0006998005189252434	0.0002748915351464438	-7.539080907011385e-05	-0.0	0.0	0.0	0.0	0.0	0.0	0.0	0.0	0.0	0.0	0.0	0.0	0.0	0.0	0.0	0.0	0.0	0.0
GB124	0.25652795206238066	-0.07410249615283764	-0.0001037995170337211	0.02609272075939845	0.04821301348146409	0.041213189743713526	0.018566720809067988	0.004974174866371158	0.017644932120171705	0.008458459240980579	-0.0025296850124705297	0.004560603057865366	0.0035958338639231553	-0.0039716511056958415	-0.0009974169064863843	0.002070226608638703	0.0003045652118732133	-0.0007815637834756848	0.0008179866913376313	-0.00147191158168136	-0.00022998278689602885	0.0016698734813353642	-0.00012168954886499812	0.0002412044300968558	0.0010389227039039103	-0.00024329086743466485	-6.44770242207942e-05	-0.0003758431285959083	-0.0005492774439652973	9.581053521635941e-05	0.00010474557782333305	0.00010460191945283586	0.00020495204163201242	6.393399257790687e-05	-0.00019557946538500858	-5.371819325136011e-05	-2.600016091999672e-05	-0.00021320643670359662	-3.6939396554577925e-05	0.0001900205240385973	-2.066178370718291e-05	0.0003559650002371214	-0.0002893364862882127	0.0006023856753885006	-0.00020460412232828134	0.0003057532270710581	1.0508077024460682e-05	-8.398583295022022e-05	5.742645049246016e-05	1.1505250399411227e-05	-0.0	0.0	0.0	0.0	0.0	0.0	0.0	0.0	0.0	0.0	0.0	0.0	0.0	0.0	0.0	0.0	0.0	0.0
GB128	-0.1680000348581201	0.025136766732545786	-0.00967486387081216	0.01827011189758557	-0.0013816399535546405	-0.003956719071654944	0.003168048935832119	0.003486786559561545	-0.00041000961952886037	0.00015838373254149158	0.0004007704088613471	0.0009437380167056749	0.0006266043687407741	0.0006135574272998569	0.0026681888731095176	0.0015715767116444052	-0.0020640101033937053	-0.0005786035893570858	0.0042248953210465776	-0.00010679709283541672	-0.0009953944339682035	-0.0012010836306642946	0.0030668579584177767	-0.0014855934889312068	-0.0002488279801253963	-0.00011994890420897152	0.0014643168876230241	-0.000249159258486249	-0.0029735601538581446	-0.0016919732784795793	-0.0022583189470933083	0.0014744665018137236	-0.0007529034191697955	-0.00039907700593834217	-0.0017774947404676728	-0.001301172426283605	-0.0008512711388213374	-0.005812491910533164	0.0012070721360915135	-0.0016270871929571031	-0.00010965821885377805	-0.0008864462869793618	-0.003008848747212084	-0.0024185760106280657	-0.00425550740566162	-0.0010570987241025707	0.003483073270716898	-0.0025294737344321748	0.0002968288741814408	-0.0001136645422124956	-0.0	0.0	0.0	0.0	0.0	0.0	0.0	0.0	0.0	0.0	0.0	0.0	0.0	0.0	0.0	0.0	0.0	0.0
GB130	-0.05181366430653607	0.009132987772545747	-0.022008322135997002	-0.012726148861681741	0.0003912291602951393	-0.005530598457185241	0.007291713571955134	-0.012584997017771042	0.0036062230714833244	-0.005393916221508352	0.003512235936576128	0.0019796924277269467	-0.0038328897349449234	-0.004399117647580976	0.0003014362220735982	-0.0012275523266941455	0.004805719358797982	-0.000803942504862203	0.00048248708450954783	-0.007110713874946963	-0.006991804261833998	0.0005814378612789929	-9.69024938713933e-05	-0.004721833803034378	0.0016187176526346102	-0.0014027020166739851	-0.0012233708805954098	-0.0036542761758743747	0.0020363650913780506	-0.0006273272195676047	0.004880005359686542	0.0011689433226888004	-0.004063737895762017	-0.0033021591367670845	0.003308384253555704	0.00027401237307725303	0.0017574664909094089	0.0016389416760784093	0.0007999322915903347	-0.002759183343468695	-0.0012918721534229505	0.0010995734149290314	-0.0016984708255362389	-0.0006707315996555855	0.00010854501358569416	0.0004111891455917603	-0.00013022037207916098	-0.0008744318981098572	-0.002021084515958836	-0.0002669849576084322	-0.0	0.0	0.0	0.0	0.0	0.0	0.0	0.0	0.0	0.0	0.0	0.0	0.0	0.0	0.0	0.0	0.0	0.0
GB132	0.03768067462651872	-7.900850948226227e-05	-0.031297264244387286	-0.007208113735136561	-0.004558140786586281	-0.004906957577879292	-0.0027484314301917737	0.009902140170852962	-0.0013612610232059301	-0.007931650751820155	-0.0067611949804015185	0.013464998192270015	-0.009462939347373736	-0.0036092715302963097	0.007152261490413681	-0.0030210348775721128	-0.003075891073124462	-0.000944611924845854	0.00033645751664551746	0.00027517095161525327	-0.0004937164022025903	0.009153521585183247	0.001546196978923204	-0.0025035645938911865	0.00039133102010999627	-0.0029378086181929344	0.006750845348362334	0.0022747968678639772	-0.0026519998451978266	0.0015640810027759784	-0.0006110135928812133	0.003725138363541582	-0.0006615319463713986	0.0007982286903689929	0.0004998703849947645	-0.00012855627428609695	0.0004958064993828918	-0.0010799722006340302	-0.0001448481511716559	0.0005301275483929027	0.00039508914571925665	-0.0003255538498596146	-0.0006233462166769757	0.0019091152543401694	-0.0008548926272546093	0.0006154502860705935	-0.0007682765956034956	8.100022248056615e-05	-0.00038857335719534705	-7.877754579687728e-05	-0.0	0.0	0.0	0.0	0.0	0.0	0.0	0.0	0.0	0.0	0.0	0.0	0.0	0.0	0.0	0.0	0.0	0.0
GB136	-0.06757335981959761	0.012093775675345067	-0.020759954956256113	-0.010842862142294544	-0.0037276493900005037	0.011218860387288419	-0.007877491897915473	0.0022648636294295647	-0.0004234069830705532	-0.006930978618663326	0.0011357595863671916	0.0019053039455313367	-0.008660530972420871	-0.010675568607577417	0.0034970490678205646	-0.003507062161816367	0.003507184043120385	0.00041890752512167595	-0.003907559094425244	-0.004022622727527269	-0.0019858562036526063	-6.51308773280604e-05	0.005614176258015119	0.00108880860185926	0.0021161184904229338	0.003572157400506235	-0.0003781841091325697	-0.0017814242643073822	-0.0008417408752861095	0.0025323169413036524	-0.0014116115318686163	-0.000723477753671848	0.002117805311606153	0.0027042653650687846	-0.0032514603201947915	0.002248144781288554	-0.0006521582484904951	-0.001827381246194726	-0.00023636946282790686	0.0007441503552594599	0.0004008333074648219	-0.0016339901902046065	0.0025354705192612514	-0.0007540486311528178	0.0026460350645988073	-0.0010720356114980625	0.001281114115582172	0.0014205427063823145	0.0002073637570570664	-0.0005455633803349688	-0.0	0.0	0.0	0.0	0.0	0.0	0.0	0.0	0.0	0.0	0.0	0.0	0.0	0.0	0.0	0.0	0.0	0.0
GB141	0.025363918245842373	-0.0018675838200688621	-0.008198068106999454	-0.04871539034768741	0.011054504879162519	0.0023075701495903858	-0.0013047744359817404	-0.0052812610648351205	-0.02269907712205926	0.016294322258752034	0.0029344619413628156	0.0030376097975257535	-0.002351726970662458	0.006244429172059616	-0.005443850528348895	-0.0030758298331401463	-0.0035253940356452964	-0.00019129903234981128	0.002222688742225649	-0.002070121470343694	0.0005410122030965255	-4.614085947959101e-05	0.0007768385767466879	0.00041736323218000447	0.0002160985009416745	-0.0008893521780104723	-0.00042109354609172874	0.0014899177987994486	-2.1858719707448213e-05	-0.000918151430624592	-0.0011128264440565115	-0.0005734338904538501	0.0001314175335780315	0.0003250390604000723	-0.00017173151039628727	-0.00034333576965327016	-4.657775190720733e-05	0.0006284637362739741	0.00033985419491989327	9.013092422347333e-05	0.00039657736480311286	3.312715577965431e-05	0.00035447393605421835	-0.00018273267682601368	-0.0002610575953655941	0.0001356418266791965	-0.0004237404751392013	-0.00022491140716753716	0.0002030527788370903	5.931145862008199e-06	-0.0	0.0	0.0	0.0	0.0	0.0	0.0	0.0	0.0	0.0	0.0	0.0	0.0	0.0	0.0	0.0	0.0	0.0
GB148	0.14130193596584406	0.003767962275490348	-0.028408918434531	0.025629022436385956	-0.013619406397646592	0.011402251734992671	-0.012616045730785832	-0.012097269817119855	-0.004715035766101284	0.0043611265435878665	0.004324369529953094	-0.009726766553762325	-0.0033685393735323563	0.002017487078918316	0.00388083164810659	-0.0032027049892355826	-0.0019400296624690135	0.002718868463721748	0.00010406032745392855	0.0019660790909316063	0.0031369816941749884	0.00145625735989593	-0.0015882675319035086	-0.0016004375560546267	-0.0002889705047604768	0.0012260207109991497	0.0014825343067534462	-0.0007861453918203448	0.0016450343572454568	-0.001424963264031825	-0.00032766474306434977	0.0005111211890647974	6.6689222397559546e-06	-0.0008756178183751005	-5.2229727150248804e-05	-0.0010910409491232177	0.0014951006064799863	0.000858800067590977	-0.0009437927610809279	0.0009336113745133517	-0.003058551695536604	0.0022910831507369964	0.00320802125364746	0.0025729018218015967	-0.0015819629099707235	1.2149669272673892e-05	0.00032860852186086147	-0.001895285177345766	2.108934287057107e-05	-0.0002000307155115741	-0.0	0.0	0.0	0.0	0.0	0.0	0.0	0.0	0.0	0.0	0.0	0.0	0.0	0.0	0.0	0.0	0.0	0.0
GB151	-0.16757790282249796	0.025706595141080084	-0.005589104978133437	0.007787892880672652	-0.005268247117345684	0.0003385024586564982	0.008417034382827007	0.002284126174706596	-0.0007704669772779213	-0.0026559228861258192	0.0010376484507694905	2.6156739854315103e-05	-7.590046714351093e-05	-0.0016540326867139279	0.0004723420452288516	0.002568901451396502	-0.0002029571756328441	-0.0002827998844111422	-0.004013681090242322	-0.0005406981514821765	0.0022755328668485762	0.0034855706589567072	-0.0001827858611001901	-0.0012361097581373368	0.00037391300166681997	-0.0015853448455233894	-0.0041315705013154165	-0.00043677984286928434	0.005904709283471173	0.0009341081594429735	0.0024904056042791465	0.0017118128825629152	-0.0036211997513866433	0.007190923143197705	-0.0006570177982218371	0.0014235481545257366	-0.003076118721784961	0.002086964078997431	-0.0041838520784748924	-0.002445574450238486	-0.0031169278606096723	-0.00249466981952734	-0.001014803108508839	-6.217217421261352e-05	-1.9787836908940934e-05	0.002091331869352086	0.0009507577302498405	-0.0008588895942308407	0.0006988610853984627	0.0006252188197309858	-0.0	0.0	0.0	0.0	0.0	0.0	0.0	0.0	0.0	0.0	0.0	0.0	0.0	0.0	0.0	0.0	0.0	0.0
GB154	0.11164084878649833	0.0005295301202573741	-0.031016269970789847	0.020662028888635532	-0.02567712381675369	0.006916123679056481	-0.015367778391354413	-0.0075742044213320875	-0.0017661319266896929	0.009455718276046398	-0.0094683282611956	-0.0018745211449744425	9.496723948047735e-05	0.0026310540554641756	-0.0010280668933371055	-8.884692061418627e-05	0.0014675958269925612	-0.001631952613659293	-0.0011695440694755458	0.000185107941453566	0.002779013303181836	-0.0008933955871731796	-0.002198684482736831	-0.0014908988646161225	9.616033278754927e-05	-0.004080401721071798	-0.00031956849284412575	-0.0004020021856152394	-0.0008856983565726139	-1.5239629035809312e-05	-0.0004012720533853471	0.001095440599878019	-0.0010533173192950305	-5.50667870836923e-05	0.0007431561691287466	-0.0004481684370088393	0.000622754573507937	0.00238655458791914	0.0013125650713851252	-0.0004490861504449189	0.0048421883110987204	-0.0030070049660851595	-0.004059863200618778	-0.0019218685910504449	0.0008655642637706517	-8.842679332554275e-06	-0.00043043058108710827	0.0014275816483181115	0.0003083306309105518	-0.00010315410246760734	-0.0	0.0	0.0	0.0	0.0	0.0	0.0	0.0	0.0	0.0	0.0	0.0	0.0	0.0	0.0	0.0	0.0	0.0
GB155	-0.13911071614938808	0.02207492641222984	-0.0023611298937883515	-0.012223733415477922	-0.0006719822628694946	0.005385927868470235	-0.0002106777993736393	-0.008420861321815012	0.00016278784155582718	-0.0021522073140559485	-0.0006076653078451167	-0.0021794622039395975	-0.006209477005219195	0.0016000054922129068	-0.0052384491091148865	0.010703727407701315	-0.00171789279897831	0.0025153284472416893	-0.006568362051192003	0.0008497220388840593	-0.0018388885307705231	0.00038151431318441683	-0.0026670411035837832	0.0053911668616609155	0.007732073540724917	-0.0006410937045669827	0.0009628317699298876	0.004637262284437833	0.0003928671298097974	0.003921577964884441	0.0036252352280475284	-0.0019453960598582786	0.0020703718117516807	-0.0018870655849994604	0.0011630258560177582	-0.0032345323482830955	0.0020686808006972496	-0.0012078842340577148	-0.0022097959219594776	-0.0009945864406979525	-0.000758876272840968	0.0002275151981533062	-0.0012795496010242057	-0.00032396802617020993	-0.002786662670558669	-0.0015047844777794654	-3.127971593604326e-05	0.0006455717104635405	0.0007784853714689771	-0.00019249301491698612	-0.0	0.0	0.0	0.0	0.0	0.0	0.0	0.0	0.0	0.0	0.0	0.0	0.0	0.0	0.0	0.0	0.0	0.0
GB158	0.07133105819704767	-0.032010161266844396	-0.02688015980569983	-0.007204733650390549	-0.005449056898384204	0.0030369237512301384	0.0033996719068810437	0.012590778190481345	0.009625524712132896	0.007688603274161096	-0.01394332793652764	0.012663886274375312	-0.0018728805274089617	0.001864324847080659	0.0019353820064850636	-0.004115715144899111	-0.006684480199274441	0.0017815580018106408	-0.005323958396190668	-0.0005076763220835638	0.008009979947335061	-0.01080602855097855	0.003299002940737417	-0.00026921094321241576	0.00504022732652085	-0.000549007769648784	-0.002341257241796563	-0.004245988733105715	0.004388856983764014	0.0011067660522579167	0.00018904878905176838	-0.0024892831937828007	-0.0010539711305245735	-0.0010838722387791452	0.00027664865151642805	-7.451870281943302e-05	-0.00038950108429840387	-0.0003398508436214932	0.0017094960146890703	-0.0012212028964308532	-0.0008338941479607934	0.000853211963041424	0.001005391341773757	0.00013828284679465335	-0.0007277571680322598	-0.0003260118348907955	-2.3815669231081997e-05	-0.0011467874261156241	-0.00029971490113768083	-8.585472800610377e-05	-0.0	0.0	0.0	0.0	0.0	0.0	0.0	0.0	0.0	0.0	0.0	0.0	0.0	0.0	0.0	0.0	0.0	0.0
GB161	-0.026285922103151588	0.005007184008037114	-0.024970722839511506	-0.007402682166108932	0.0017846424926728115	-0.020168008392470217	0.026000998989490737	-0.01991041836312791	0.00451371428874106	-0.0029152873683787298	0.00034012923371476406	-0.0009064368822778872	0.0029521188499814703	0.004603356838455255	-0.0008593266863031859	0.004520710870850912	-0.001742699350518454	0.0033639054983357524	-0.002132986330028874	0.0008509131049681139	0.006163161854194174	0.0018889687131534699	0.0015932070392150274	-0.00206199813007835	-0.0005170043709589612	-0.0027418534025157666	-9.594583052527074e-06	0.0020554185636538556	0.0007253912471854133	-0.001911737262096223	-0.002015474011278838	0.00015557427980976679	0.002039013682337365	0.0010591024137557774	-0.0027811102454902447	-0.0011377552341154179	6.420770155899668e-05	-0.00041240220448554723	0.000271461017212326	0.0010939989519880475	0.0011113882136523992	-0.0011770838675010057	-0.00021743055844464495	0.0006283127245795984	-0.0009655072770651369	9.481639243887315e-05	6.455551292327489e-05	0.000762612289437564	0.00020361451170876465	0.00011697159391186354	-0.0	0.0	0.0	0.0	0.0	0.0	0.0	0.0	0.0	0.0	0.0	0.0	0.0	0.0	0.0	0.0	0.0	0.0
GB163	0.34314605850336843	-0.2357074482915587	0.09690603100971756	-0.003393406483640851	-0.058862777649144576	-0.015374463027700088	0.002713686000419569	-0.000940896895289926	0.007720710584491627	0.004924555445541335	0.0019587799867438736	0.007448024130250648	-0.0032325270539540745	-0.0017120057198636053	0.00048626230407539377	0.0015088869933069105	0.00011027134988964128	-0.0002514094726528728	0.0014390133941727134	-0.000673371032955978	-0.0008661408216919767	0.0013239361261552648	4.129910847035943e-05	0.0007084248621698846	0.0007919397848646545	0.0007325612386084176	0.0007298045088583052	-0.00029316994583414486	-0.00018149550679252445	0.00027817838854746863	-0.00019825357794616826	-0.000251948543398747	0.00029365344114471847	3.691728767569516e-05	2.4831605187288e-05	4.7823157072331276e-05	-0.0006059784004219783	-9.3989188815e-05	-8.277934939420426e-05	-0.0003303706321747136	-5.511770451761526e-05	-1.217970997547286e-06	0.00021066510200681894	-0.0004956228889181914	0.0002073473703272721	-7.218935985000748e-05	4.945408332286054e-05	-9.929136164721047e-06	2.585161060242753e-05	3.7178610794992873e-05	-0.0	0.0	0.0	0.0	0.0	0.0	0.0	0.0	0.0	0.0	0.0	0.0	0.0	0.0	0.0	0.0	0.0	0.0
GB164	-0.14442759995451365	0.017602155593156286	-0.0032508691366022594	-0.04290425922002745	0.0022692841366682816	0.019685697530312445	-0.044812953347846574	-0.013140544503558851	0.028876584468847544	-0.016760699477201386	0.007289879235604193	0.00445806245463617	0.01258870913048828	-0.004593612932267104	-0.0015600070786606533	-5.717008675128817e-05	-0.004904891304490887	-0.0014925121785154183	0.004560369936372298	0.002346089673426037	0.0021859831338695594	-3.4446838420139876e-05	0.0014213544509432967	-0.0006712576947244827	0.0018042551403087248	-0.0008291952978306848	0.00032337337004056943	0.0011755303914669222	0.0010430600814525378	-0.001852787029817846	-0.0014100285224682197	0.0001380870758515164	-0.0005625356161562034	-0.00021804020562879775	-0.0010232567572460495	0.00010635492898910078	4.7951708176687684e-05	0.0007691808582393736	-0.00035782263316033313	-0.0007805456403076343	8.065437281297178e-05	0.000783954964632045	-0.0009899364924508649	0.0002657560600736474	-0.00062822766128891	0.00044647885227262703	-0.0008029859893054079	-0.00015293108104537774	0.0001296277278750219	0.00015735265982900253	-0.0	0.0	0.0	0.0	0.0	0.0	0.0	0.0	0.0	0.0	0.0	0.0	0.0	0.0	0.0	0.0	0.0	0.0
GB165	-0.16767422167720458	0.025191468273634342	-0.008257191577652008	0.013424718699177666	-0.0029956800277918614	-0.0015238133495041432	0.0024332057124579532	0.006615590504488766	0.00396687253065107	-0.002662862002526972	0.005257348392431916	0.0025235007788884023	0.004053691218546983	0.006580953176089719	0.001976436878958811	-0.004768919293153943	0.00022679339521045646	-0.00509400745804323	-0.0012573165168078125	-0.0034813082533219535	-0.0025300252121714093	0.0009100178672016597	0.00016382608636350806	0.0014945086002210136	0.00181158547818536	0.004332234976236313	-0.001997894883556311	-0.0025745297969004335	-7.196751057308778e-06	-0.0019898327019613328	-0.0018567720076694742	0.0010469637552053164	0.00014752142414296352	-0.0017310675809019006	0.0026145419316343245	-0.002931123838356172	0.0068121907499269566	-0.0005770871021814679	-0.0018170713497926607	0.002039373770796599	-0.0024394147454002224	-0.0021978228940601587	-0.000542175746668398	-0.002335648636959347	0.0003192590131284615	0.001042161922934883	0.0008849948810492449	0.0016986528968301186	0.0002407599234795597	0.00013674165914278797	-0.0	0.0	0.0	0.0	0.0	0.0	0.0	0.0	0.0	0.0	0.0	0.0	0.0	0.0	0.0	0.0	0.0	0.0
GB168	-0.005198822831488244	0.002298266156110464	-0.03476568979026844	0.0035941266012275105	0.008009977653113185	-0.013776867947593046	-0.017441080687187416	-0.00574412574312375	-0.0023446839153427167	0.005131116422164778	0.0019262197637500125	0.0022036420363916046	-0.005818955234005303	-0.006240696245356624	0.0012787679751862422	-0.001975314933820435	0.004294404936062756	0.005851011160476627	-0.0029163677896068396	-0.008028882849823924	0.003593840587262647	-0.0020955542850064125	0.00025365216755561466	-0.0028426157842776135	-0.0018113385339284084	0.004122363779306294	0.0026706173946995752	0.003411883978913688	-0.0022162933268761635	0.0010908025806276942	-0.0009627041324031999	0.0005689213871610807	-0.00018996634440127794	0.0026355378107761436	0.0030961518235272027	-0.002158143930153471	-0.001466901921848947	4.065609005299419e-05	0.001650260408655939	0.0024340727651630673	-5.271382339667391e-05	-0.000979408848551249	-0.0005532715917192002	-0.0002600005535776232	-0.0010323489977397582	0.00011470873081420189	-0.00043298407591731104	-0.0008252108364297444	-0.00022169881683764295	0.0006274301586720833	-0.0	0.0	0.0	0.0	0.0	0.0	0.0	0.0	0.0	0.0	0.0	0.0	0.0	0.0	0.0	0.0	0.0	0.0
GB169	-0.1624440834448707	0.02507451908341656	-0.0047445084007023824	-0.0016920434208353642	-0.004641049860073938	0.004932216277754824	-0.00045032111002423164	-0.0015195267218946198	0.009799920816665763	-0.00755964144992727	0.006173613122567368	0.0016618453876696194	0.0070973292649106	0.0097730789592489	-0.003898509826590539	-0.00022759818163561193	0.003918235920252059	0.0010519156536856293	-0.007124260555745572	-0.00028445527543278517	0.0005413652453360589	0.0026356606484400683	-0.001934994648156069	-0.001148089617063738	-0.0018544389858767588	-0.0008150653713581766	0.0015704793337509878	0.000999523778652548	-0.0005642923820770258	-0.00036720943602176927	0.00018735923349294008	0.0014671712022384586	0.0041404622420641544	0.0005467134168079526	0.0010136824468243769	0.0020598305451033634	-0.004330323903280616	-0.0013727599020040401	0.00035590045604353825	0.0003574189268532239	0.0011751918765969234	0.0012113550309273814	0.001086507588690931	-0.0008849241693701954	0.0016178529412155336	-0.0012435649592450826	0.0021507808584372515	-0.0014511303251709565	-0.000890915544229055	-0.0002643177918789171	-0.0	0.0	0.0	0.0	0.0	0.0	0.0	0.0	0.0	0.0	0.0	0.0	0.0	0.0	0.0	0.0	0.0	0.0
GB171	0.21609645520039752	0.026576220837228277	-0.0211691309050319	0.0204046443654488	0.02538377787055718	0.014100741856034651	-4.492180258695267e-05	0.0036131382147432823	-0.015236917942794082	-0.02542056147085175	-0.011774463317669398	0.0024806610434112346	0.008682164418030198	0.00018562176494146568	-0.0008170408530373992	0.001068039343583913	0.00034000082899733066	-0.0009928262362807552	0.000685841693132614	-0.0007740412610655804	-0.0002409538322780819	0.0007013851379740063	-0.0001280935240373666	0.00080448205556007	0.0009551670713601566	-0.00014336525374710087	-0.00013497952030819204	0.00021090704006444732	-0.0006925343545357353	0.0006572569727696303	-5.521941703148699e-05	-0.00014344478552711886	-0.00027079341199130774	-5.4438715900762225e-05	-6.565971023819027e-05	0.00055480036639252	-0.0004352624089284199	-0.0005059804461206198	8.758936725240672e-06	-0.0005463661353204925	0.0005368139827041809	-0.00028396118137117123	-0.001069047007169344	-0.0002819775732612788	0.0004004086024536066	5.4709105276479606e-05	5.131802117098554e-05	0.0005240750800043408	-0.0001731047212703839	6.327719338918285e-05	-0.0	0.0	0.0	0.0	0.0	0.0	0.0	0.0	0.0	0.0	0.0	0.0	0.0	0.0	0.0	0.0	0.0	0.0
GB172	0.12704525110634746	-0.136855197701531	-0.013266055644127901	-0.017362238771385794	0.0028803714631015797	-0.003255999023498472	0.004516094110863515	0.00862902594875639	-0.0028744909948664947	-0.004452950500292765	-0.0030291866748190788	0.0008898271167231388	-0.006509717059535113	0.007224607400713867	0.007716481452859084	-0.006117752533902737	0.0008252710938732559	0.00477659512231527	0.006750906933524212	0.007001171360753954	0.0032494336447838686	0.0032274969986791934	-0.003338625497186334	0.0026812959879489355	0.0014404548729068923	0.0012847792643403044	-4.6229942649002246e-05	-0.0003682070536476864	-0.0016390096478171644	0.000714563170557401	0.0012316416714140519	0.0004233282718811643	-0.0019708758448338344	0.00029767340155147147	-0.0008594915784021044	0.002027752064885624	0.0007077954923252304	-0.0010322191717957211	-0.0010974440963605373	-0.00022298485868988327	-0.0004103294071397434	0.00032944532025623547	-0.0022894387425893047	0.0017487950764239401	0.0003061302489355438	0.0005456608537953586	0.0007979297364693152	0.0005818826143838789	-0.000859495422404095	-8.690905493647794e-05	-0.0	0.0	0.0	0.0	0.0	0.0	0.0	0.0	0.0	0.0	0.0	0.0	0.0	0.0	0.0	0.0	0.0	0.0
GB174	0.08062167172070954	-0.11952652935575336	-0.004227844161720391	-0.0023304307331402795	0.028439217518089272	-0.012610840323329054	0.0014105312565021258	-0.013055521222890798	0.002405608236973554	0.007973250315476786	0.021152779596530308	-0.00530733196025453	-0.004388993134079151	-0.0038096406008716766	-0.0030734408448637677	0.0019643049943955625	0.008994131296225718	0.0035639508877779373	0.002590389084655029	-0.0030928911822453347	0.0036694969094611582	-0.00216726589039829	0.0011385867288619459	0.0038753867926840605	0.0019551140727021715	0.0008435764869660523	-0.0006646281669985542	-0.0008796131722132113	-0.0024274001980318597	0.0008879016522517457	0.00016000219293406463	-0.00015364100562763962	0.0007328160409483187	0.0006810985903491961	-8.574085157730829e-05	0.0017346187098078144	0.00016925013896690146	-0.002754181551988965	-0.0012333239813656794	-0.0007420551968371832	-0.0005642391202451424	0.00011967278060049913	-0.0010080105201283678	0.0008539694376673496	0.0004324125135502886	0.0005501190954862213	-4.7831796411870625e-06	0.0003379707866142366	-0.00037877596956565495	-1.761039848597027e-05	-0.0	0.0	0.0	0.0	0.0	0.0	0.0	0.0	0.0	0.0	0.0	0.0	0.0	0.0	0.0	0.0	0.0	0.0
GB175	-0.14568898073309688	0.024257190339843922	0.014398282325561444	-0.021150425878204246	0.0061543065890822335	0.006278017824930758	-0.00408097315128672	-0.009706004387788448	-0.0051318828110239415	0.005235091492898116	-0.001805986288124184	0.0006675570557394682	-0.0015007225257384447	0.005674677762484951	0.0011815673444170475	0.0064107382295511646	-0.0008435285995611354	0.0007830856980759074	0.0021099341793327907	-0.0012720036144816106	-0.0012651588166704153	-0.001826878661159289	0.0013736341443902362	-0.0005011540365149651	0.004096334924455019	-7.649916180563436e-05	0.002066682218660945	-0.0009891645297856915	0.0009436729902261742	-0.0010869505034964478	-0.0008517753930566672	0.0019218530350140367	-0.00037801591390017157	-0.0011846946109119276	-0.0017311420587100535	0.0034339989184463396	0.0017507981215102706	-0.0005410411645554161	0.0010534953434804663	0.0007613284974961175	0.0020968973380854523	-0.002693500593601868	0.002560621806033952	0.0010391409352105197	0.0005225585698661859	0.004130002985566171	0.0016932929537416847	0.00046926768517212785	-0.00014634473875213078	0.0003297533237818101	-0.0	0.0	0.0	0.0	0.0	0.0	0.0	0.0	0.0	0.0	0.0	0.0	0.0	0.0	0.0	0.0	0.0	0.0
GB176	0.09605578775689905	-0.1291567156225557	0.0005626234761920312	-0.014463666444335183	0.022254458428035563	-0.011335733897094493	0.00924846590709154	-0.00266607733564734	-0.0038833782614107132	-0.011885159747454554	0.015676306921235065	0.0023974881751504195	-0.008853580514191767	0.0004208208263602608	0.004582008025534703	-0.0012403473617131427	-0.009175864238310908	-0.003672423242544023	-0.0035267036842721432	-0.0006903746444986402	-0.00369335610669934	0.0008585754220818516	-5.661182764810546e-05	-0.004368337876931705	-0.0020231108451278478	-0.0007008386460586003	0.0017000285789125803	0.00029315503543437843	0.00305339381710019	-0.0013723271989632847	-0.0007474686689063454	-0.0002641252329195677	0.001025756218294795	-0.0009325770114821206	0.0008572357637235442	-0.0025503806399131586	-0.00013150862799445566	0.0023122309087510846	0.0014759659877957724	0.0011638671688772974	0.0011357044060539437	3.814261387683123e-05	0.0013754459005684218	-0.0012159682365027763	-0.00048733693968944745	-0.00012561960765755716	-0.0007256328041271093	-0.0005447297480247965	0.0011421768716306146	0.00015571418236814662	-0.0	0.0	0.0	0.0	0.0	0.0	0.0	0.0	0.0	0.0	0.0	0.0	0.0	0.0	0.0	0.0	0.0	0.0
GB178	-0.16898784273949485	0.02401962946829092	-0.012731208156547501	0.0310104428596987	0.005229117632238801	-0.008502588470353022	-0.014193742743252162	0.003888519059089932	-0.004755425509785948	0.009025049297727716	0.0020722653751778855	0.00012518189147308305	0.002366033834284595	-0.0019119382009611802	-0.0028305162577440743	-0.0005220925865513613	0.001022602121605869	0.0019936630866257588	0.0007319698660432125	-0.00040166525378351156	-0.0005483900950187669	-0.0021269805654749625	-0.0023954224850866084	-0.0027702364052969966	0.002841425066388471	-5.4448074420706e-05	-0.0015674648153133235	0.0012776728385364945	0.001830347011331863	-0.004711877300324954	0.0015476301272945264	0.004651970109411687	-0.004259804500724608	-0.003092092019327329	0.00037573706687878724	-0.0010628441372102495	-0.003060389613494416	-0.0020817053214990636	-0.001735523938538704	-0.00011158236495918653	0.00024005605971011282	-0.0015204463117491557	0.0011007811438329585	0.00198729180573525	0.0015475631229322768	-0.0014640203607266436	-0.00014562140060920005	0.001046882908983961	0.0009947962842954533	-0.00035850108205898943	-0.0	0.0	0.0	0.0	0.0	0.0	0.0	0.0	0.0	0.0	0.0	0.0	0.0	0.0	0.0	0.0	0.0	0.0
GB183	0.1158892179364493	-0.07472473334404547	-0.024150803855475404	-0.016102763578217195	-0.011350082787960757	0.02800908398200397	0.015797113676853058	0.00841870741920343	0.013779072028125155	0.0147207042409459	-0.008736734533441431	0.0006779282285541477	0.0012644199812523846	0.0005430364066679676	-0.0011812867942371738	0.0039533163467475275	0.004822053154874528	-0.0007448538915276197	0.003127771891324809	-0.0027571980628933847	-0.00030390122791771403	-6.814415676330953e-06	0.0007202969904479478	-0.00035336567034846225	-0.0002841211103320765	0.0011108777111851354	0.0027604575912616343	-0.0006399368263157628	-0.00017547551061356258	-0.0001746250548400315	-3.49410383425689e-05	0.0004157282216163174	0.0017216752777522602	1.6377877025960728e-05	0.0011390633083217625	-0.00021713573376898874	-1.8815004368628874e-05	-0.0019192934596206593	-0.0005000455213794292	0.0003654988568892056	0.0004966712885636796	0.000400608358878291	-0.00034719831749502393	0.00017581695862750198	0.0002253191231693465	0.0005780815701749054	-0.0013745451837402843	0.0001695963390438568	0.0005472583405433401	0.0003680649719256968	-0.0	0.0	0.0	0.0	0.0	0.0	0.0	0.0	0.0	0.0	0.0	0.0	0.0	0.0	0.0	0.0	0.0	0.0
GB185	0.23769884513066025	-0.1282342698853428	0.02050810905095487	0.02322685151190353	0.013910649806412927	0.011374307522663081	-0.0033457016111891713	-0.007896695686059036	-0.0024622269646516278	-0.0021761267532242256	0.013804750155429943	-0.007240540119098483	-0.004980203437151924	-0.0007547126935059235	0.005295302958600702	-0.007171416734140942	-0.008893777533514936	0.0026123003455004496	-0.004507378426270726	0.004910355317435432	0.003093769419395308	-0.0026349554045003625	8.876097103824462e-05	-0.0007263398630929529	0.0019371576390133586	3.8937135233148075e-05	0.0016150094186577646	-0.0008911828266939859	-0.0005045434296112266	0.00034469197506226747	-5.894183492932961e-05	-0.00032094536520048893	-0.001103446297016806	-0.000504523132946675	1.9677373841259054e-05	0.0010792487456916424	-0.000846300362677315	0.00033073825277375686	-5.99414372638629e-05	-0.00208001224942854	0.0010175692198498155	-0.0013110746304743292	-0.001078596316146623	-0.0027312147935019066	0.0012691121775593955	-0.001169440436223678	0.0001070917478519609	0.0012661600542756809	-0.0004472544504000372	8.338489846966354e-05	-0.0	0.0	0.0	0.0	0.0	0.0	0.0	0.0	0.0	0.0	0.0	0.0	0.0	0.0	0.0	0.0	0.0	0.0
GB189	-0.1644859415985325	0.024919024418240177	-0.008354359279917189	0.009526496480670346	-0.0029005902262136	-0.0022786844810765193	0.00747192798150604	-0.004025691524555787	0.0029840309191056175	-0.003620464440364989	-0.004163097984469014	-0.001679238293963533	-0.0014738642641609588	-0.001874406640325168	0.002027481002820745	0.0037789029401390233	-0.0013466701879847917	0.0007714349000236493	-0.0020618275300796083	0.0031578203950141126	-0.0008156370857266928	-0.00030447764808538613	-0.0025145369107748058	-0.0004070837244389753	-0.0004772946534396119	-0.001823431910715674	0.0029145177234905307	-0.002619923815676876	-0.0019895454307072746	-0.006062982185746556	-0.0016408754978582492	-0.004099627273771208	0.001700196179934556	-0.00147197949858124	0.005201194727465595	0.0030709167017903705	-0.005411446614031718	-0.001502472691238769	0.0017268753996691163	0.0011126257674190496	-0.0034977681159060066	-0.001901271211042321	-0.00017043673304430505	-0.0002740123598165282	-0.000757654971491119	0.002888867479152014	-0.001828119506567659	0.0010712340622782608	0.00019795041672878694	-0.0004851810104676822	-0.0	0.0	0.0	0.0	0.0	0.0	0.0	0.0	0.0	0.0	0.0	0.0	0.0	0.0	0.0	0.0	0.0	0.0
GB191	0.026023000601526285	-0.0006188995492638696	-0.03282055357917526	0.0018789788371408106	0.004118767359144075	-0.017304451709128848	-0.006756319641209703	-0.00023441225666974644	-0.002399157902607312	0.004573127297655723	-0.00031232153299924175	0.001584277815993285	0.0027852203175695225	-0.002805585868045233	-0.004028396765885926	0.0010172198664142016	0.0009169277735164762	0.0049741908527636105	0.0007145801792260297	0.006866577808217166	-0.0024603792967700243	0.0031167029398652658	0.007903554477018074	0.00392606657901415	-0.0016832547321802874	-0.00463321073705447	0.004081341462870073	0.0005824132023257624	0.007361989468824617	0.00043409596631282317	0.0025879302775751196	-0.0014605130901675664	-0.0018364733271822632	-0.0012026898563605685	0.000405128788063352	0.0015785636999900157	0.002884817148976183	-0.002591560416779979	0.0010806735952370783	0.0010159612694596368	-0.0013906183560963722	0.0004557819877989706	0.0007830637479428143	-0.001149790948978426	0.00024969776175297516	1.7232194097467046e-05	-0.00010156585390725954	0.0010438647709051442	0.00036770071653478446	-4.509557206332633e-05	-0.0	0.0	0.0	0.0	0.0	0.0	0.0	0.0	0.0	0.0	0.0	0.0	0.0	0.0	0.0	0.0	0.0	0.0
GCDF193	0.020095912006904765	0.000540376689706321	-0.026745727776426673	-0.013147882337939254	0.001038992712809389	-0.0067896320837042045	0.0019564328266219507	0.0033179124656583536	0.0017599507898770437	-0.005873180375818383	0.005057821077795491	0.0071253042021699785	-0.003685839069674403	-0.006376847220877359	0.0038892780198971416	0.001926118076075684	0.005673295995169933	0.0005620978421073152	0.003935093387697654	-0.0017132124104334064	0.004872849149773627	-0.0010706658037628733	-0.004119447421458012	0.007547888678539259	-0.005310214382752175	-0.007609961024305167	-0.004766607649485442	0.0021736496991614025	-0.003038708567206039	-0.0026077683609562557	-0.0008874177911379073	-0.0033892248969065826	-0.0012411008931526104	-0.002704435689184177	0.001453324895170141	0.0008855049677130555	4.2818987874012975e-05	0.002561467742345174	-0.001240697667598798	-0.00032973442999771965	-0.00019162401488063277	-8.870705014887156e-05	0.0005550900892311105	-0.0012350939321861573	0.000522798901519343	-0.0010568341308276228	0.0005380668985350396	-0.0006469497521723064	0.0006403453175838192	0.00012052250396164754	-0.0	0.0	0.0	0.0	0.0	0.0	0.0	0.0	0.0	0.0	0.0	0.0	0.0	0.0	0.0	0.0	0.0	0.0
GCDF194	-0.159863441506467	0.025292110635383096	0.02372348033352866	-0.028771143933496293	0.010036790316301456	0.006115458538539329	-0.0037956526625704395	-0.017923339088541698	-0.009475009692691596	0.01288821230629931	-0.00892431991858441	0.0040444598759796216	0.010501313048508194	0.0003664719219386593	0.025096487319814974	-0.001673453593710671	0.010606612315412385	-0.002586223809593304	-0.00478699581878105	0.003694480718437052	-0.0024207588373822524	-0.002573841125424007	-0.0008741428225107824	-0.00032675969159697574	-0.0015126020162202023	0.0017985184946836133	0.0013534514046209445	0.0010800782442434817	0.0007330475092686737	0.0007385800473123929	0.0016499510496941212	-0.00044078031101672636	0.0008083757420039663	-8.703855358714175e-05	-0.0001575974411251723	-0.00021687653162116467	-0.0002616481000779697	0.0004038048967649673	-0.0008442938605431643	0.00033925631932910213	-0.0007206654860977734	0.00016109201720959125	-0.0006905800335431423	-0.000236823651564937	-0.0003385228959452097	-0.0012746604303920889	-0.0004717295231119776	-0.00019250536623230453	0.00036574686942639933	-1.1660360579963896e-05	-0.0	0.0	0.0	0.0	0.0	0.0	0.0	0.0	0.0	0.0	0.0	0.0	0.0	0.0	0.0	0.0	0.0	0.0
GCDF197	-0.004824293222075799	0.06870623168796951	0.5078120882179958	0.0012189398945498767	0.006177555048324268	-0.004456304029777996	0.0012848544409199151	0.0022187995117075644	0.002082610859224237	-0.0006409044474073405	0.00011250134763159506	-2.1772296861711524e-05	0.001092195547562319	-0.0005042494333804012	0.00010871842713014309	-0.0002432879442087466	-0.000251834227611682	5.4774474316127025e-05	0.00011342352526824194	9.001560688495323e-05	0.00019652634445152116	0.00017717418272454862	-0.00013776738649637252	5.65966641404827e-05	0.00015819327470815945	4.527516193320915e-05	9.241438724155959e-05	-8.246893402963654e-05	-3.28944599418317e-05	2.0673708893307103e-05	-1.8629820353405305e-06	3.202115351988788e-05	-2.8248195991227627e-06	-8.40281758076551e-05	5.150852312461313e-06	1.0273311582466926e-05	-1.6765634769513567e-05	-7.518446354378455e-05	-6.82398376632619e-05	-6.975256652135658e-05	1.4409097799234826e-05	2.9112772108572114e-05	-8.090868945363446e-05	8.674922975551146e-05	-2.016736169922405e-05	3.9688172420464296e-05	-2.476631601407356e-05	-1.864684638794729e-06	-1.2932700538891581e-05	7.698241058249875e-06	-0.0	0.0	0.0	0.0	0.0	0.0	0.0	0.0	0.0	0.0	0.0	0.0	0.0	0.0	0.0	0.0	0.0	0.0
GCDF200	0.05206298629766968	-0.022094021527025397	-0.02556090772151524	-0.006122362371884024	0.004428895460459911	-0.010219657143227003	-0.0007908985889027888	0.004178356946045681	0.019138300345341835	0.0024874105564967057	0.004425913584249262	0.004983343003378466	0.008472570796055803	0.019338720736647188	-0.003989708308132349	-0.010199500961353976	0.0005770741547783439	0.003759994473625898	-0.002522660946562553	-0.002675015971442001	-0.0029558910011246355	0.0006595020712097245	-0.0027207299076082527	0.001699418122666414	-0.002085691072554328	-6.30474663128646e-05	-0.0002448545412062216	0.00025313612998035455	-0.0011992343690131729	0.0025535880560417627	0.0007578598413283208	0.0009936121109271059	0.00022414543419506836	7.233300106093641e-05	0.0022203447294611212	-0.0006278318251582627	-0.0004825582163195454	-0.0009324946814766481	-0.0002562638071441667	0.0005739910981005528	-0.0002260887750831183	-0.0005093286255939623	0.0006198734056488896	0.0003523546585639877	0.000684095236292062	0.00018942097698512788	-0.0004942094774463509	0.0002770134424309247	0.00044849447104807594	5.6133139545590814e-05	-0.0	0.0	0.0	0.0	0.0	0.0	0.0	0.0	0.0	0.0	0.0	0.0	0.0	0.0	0.0	0.0	0.0	0.0
GCDF202	-0.16830499198449742	0.02472621903088357	-0.010738556168104436	0.02101091123733855	0.0007126705391314124	-0.006146651415797224	0.0008374148623356111	-0.0002162561839881655	-0.0001247294977765628	0.0010601340777697012	-0.0021283420926004847	0.0003697607489337318	0.00027484228526942085	-0.0008859250301588231	0.0015245455882253443	-0.00033509791137820074	-0.003394489799554631	0.0013702524898676375	0.0023189935360913728	-0.0013381994561446294	-0.001690251148538072	0.00021876491102360663	-0.0033952647449404043	0.0008552346429571788	0.0030183928513543025	-0.000846434100395854	0.001926437350579218	9.939294105030448e-05	0.0035852827135694296	0.0005580052641193615	0.002940577000229929	-0.0038611988897795887	-8.268411385768848e-05	0.0009387227134863498	-0.0005722140962156549	0.001630703645201738	-0.0005010485959233308	0.001177613471320203	-7.22863078807562e-05	0.006959549566976425	0.0019691530400948085	0.004214441790788274	-0.002681487950896145	-0.0013279167632926818	0.00274506800779051	0.0008138568051542591	0.002255952374868144	-0.0011113181022704935	0.00033331132009908453	7.713330986489433e-05	-0.0	0.0	0.0	0.0	0.0	0.0	0.0	0.0	0.0	0.0	0.0	0.0	0.0	0.0	0.0	0.0	0.0	0.0
GCDF204	0.6706186669489327	0.22460989079173344	-0.015885529588463395	-0.02201227948088761	-0.006254142038616636	0.011487186770150964	0.019083341418395218	0.00414367927502808	-0.0006575909713084824	-0.010829438238904336	0.004449323556285363	0.0025911997121377877	-0.001757480058245806	-6.11599127286682e-05	0.001773036542288652	0.0002689370087941548	3.058296104882528e-05	0.001404482068855264	-0.0014508464826779716	-0.0020918523878685944	0.0018293564543700109	0.0006525257367836675	-6.884143711130841e-05	-0.00029439423709219485	0.0008653935421216517	-3.9441102580342736e-05	-0.0009049764035088777	-9.686108931023952e-05	0.0008884982101975579	-0.00044388213639453314	-0.0006548508041040502	-0.00021861686695033485	-0.00016013187180317123	-0.0003584707250184931	5.888633424732295e-06	-0.00026248948170436924	0.0005390304257383452	0.0008895403233451848	0.00048563743349141694	0.0006291301330572997	0.00010607239236380872	-5.354497264645966e-05	-5.115960184783007e-05	0.0003723052228411453	-0.0004492750221993236	-6.996751340905961e-05	0.0003106510882039464	5.0426420824448464e-05	-6.405966207789398e-05	-0.0001871903614836048	-0.0	0.0	0.0	0.0	0.0	0.0	0.0	0.0	0.0	0.0	0.0	0.0	0.0	0.0	0.0	0.0	0.0	0.0
GCDF206	0.03265232239783995	-0.0005379533560771601	-0.031355567417577765	-0.0011503105226301014	0.0011295830065823282	-0.01380817529864226	-0.006065148311974247	0.00366695173648348	-0.00016230684650873464	-0.0005210016473454892	-0.003297358843992501	0.0045767149421582975	-0.0028724874267120597	0.0009126553001431062	0.0001441302592021572	0.0008131307564112391	-0.0018393238070495096	0.002327892343908985	0.0021619848051003063	-0.0010403486979348037	-0.0014349328260142818	-0.000989956157653894	-0.00018140633203031855	-0.0017849904007385114	-0.0011154936945086563	0.0016888382564736743	0.0004390711288970794	-0.007363016804448471	-0.002784396671003185	-0.007257794371135009	0.004887469171914535	-8.591432104406016e-05	0.0069552267233839215	-0.0001295874996244442	-0.005581100294140126	-0.0018353562697419937	-1.4077174121812955e-06	0.001982695281718752	-0.004447475917998977	-0.0009359235737043645	-0.00015674595250787888	0.000851066707210608	-0.0006853805502978547	8.296341525495547e-05	-0.00016745317350644592	-0.00014985603097608316	1.1796980066110287e-05	0.0004883629722325825	0.000299841622593935	4.697369211759161e-05	-0.0	0.0	0.0	0.0	0.0	0.0	0.0	0.0	0.0	0.0	0.0	0.0	0.0	0.0	0.0	0.0	0.0	0.0
GCDF214	0.6772797633138364	0.22300921735341714	-0.020315359305691363	0.0010246661735445381	0.008568572678546719	-0.00878716421315777	-0.0040245066248372745	0.0002805230609829864	-0.0001999243059901794	0.004658597330007075	-3.573786534311942e-05	-0.0032874252994489557	-0.0032356759932472157	0.004442056797860108	0.0012949732702795278	-0.0008916202010778507	-0.0021849237495482443	-0.00306273796929511	0.0014782320639162782	0.0040671877237941105	-0.0044214595346383015	-0.004711823022524475	0.0019751505495752427	0.00032788584844561957	-0.0031359837377230395	-0.0013162695493455405	-0.0001750064484124887	0.0015149894349976054	-0.002176930003995876	-3.850809153724597e-06	0.0013967834563296255	0.00026696294851245725	4.532222510430076e-05	0.0011340871360189329	-0.00010061133271971455	0.0008136940821006822	-0.00030137425439503545	-0.0010035739000643367	-0.0009057316367050021	-0.0007382917718645745	-0.00019746143413950891	-0.00026274551721585494	0.00037652278766009677	-0.0007374081731867353	0.0006911293880208111	-2.0032069825917134e-05	-0.00047378744490875066	-7.759733312766899e-05	5.655638903061083e-05	0.00021476622757379618	-0.0	0.0	0.0	0.0	0.0	0.0	0.0	0.0	0.0	0.0	0.0	0.0	0.0	0.0	0.0	0.0	0.0	0.0
GCDF215	-0.14402714114444207	0.02324405188471334	0.008665050804013748	-0.019137167442775792	0.002701609973328491	0.012041842627598491	-0.008871281160559331	-0.00045048817128610105	-0.009654886605970062	0.006320088995825533	0.0003838461831185002	0.0020966588429292294	-0.0008840846531942692	0.0023917057999619192	0.0022790157433660112	0.01202268424244184	-0.011480215149774962	0.0026899092267871406	0.0011346111140560467	-0.001410425160771384	0.0014759692798202138	0.003886191078317982	0.000400326403338513	0.0023091579301653784	-0.0063680891411449034	0.0010415845854466737	-0.004222447238259116	-0.007890316899325456	-0.001321281520151381	0.003019711414128744	-0.0007337367009221052	0.002346903147163457	-0.0017361416817371625	0.0020767754965446946	0.0031147281181043286	-0.0024940943170053444	-0.001291298726027723	-0.0019280779801557366	0.0010498824472928217	0.0012315001450962672	-0.001339277576365517	0.0013501498870850713	-0.0011432509134567254	0.0008663633384453117	0.0018864216165917868	-0.0020248791169053056	-0.00010901711697188128	0.0009332532393954016	-3.5417436007907435e-05	-0.00011096971648214965	-0.0	0.0	0.0	0.0	0.0	0.0	0.0	0.0	0.0	0.0	0.0	0.0	0.0	0.0	0.0	0.0	0.0	0.0
GCDF221	0.10665985119150548	0.00028533296849268103	-0.01839496836666129	-0.006610494216652077	-0.028856677180306902	0.024217316545251548	0.0018688419531885082	-0.005878918020053472	-0.005725126235510394	-0.002848102682353704	-0.0013251178283611642	-0.000329729282493373	-0.00013210330996251085	-0.0014517972923279126	-0.0033077759744377083	0.00014875379037334983	0.00013191279026861623	-0.00048422109486807955	-0.005785461208897261	-0.0008418645067066078	0.0015349260828565134	0.00142230967312676	-0.002918553903064781	-0.0024443962742674253	-0.003236787717731472	-0.0006215079368656773	0.0009513089091189545	0.003873461811206005	-0.0012707787065321318	-7.882658104634444e-05	-0.0018797253889639054	0.0001331252548070301	-0.0006383646328592521	-0.0020758428606772535	-0.0005687844717383899	0.001800720340746871	0.001599607841899872	-0.0014958936391900968	-0.0028653888634043697	-0.0017458202624706905	-0.0023618155185925094	0.001729343010869042	0.0011685456361250617	-0.0009377908269231725	0.0012803239081164075	-0.00013504348119077706	0.001838471631813496	0.0010555208599682942	6.156387252451773e-05	0.00010642087145705146	-0.0	0.0	0.0	0.0	0.0	0.0	0.0	0.0	0.0	0.0	0.0	0.0	0.0	0.0	0.0	0.0	0.0	0.0
GCDF223	0.0836766650639738	-0.07971146176459638	-0.019196681404985504	-0.004275118352827553	0.013401840712267632	0.0010434989900887537	0.0016867952108736313	0.008827916406574302	0.017860356286360023	0.0247698136228392	-0.0025419662989245207	-0.0024318761737025375	0.0002479374771446446	-0.008772611265402555	-0.002180921450445924	0.0033243807904210928	-0.002579406463770183	-0.003549771483667748	-0.0018467295328047344	0.003818711340889062	-0.005664669272095501	0.004439304822319678	-0.00033295780469185367	-0.0020278386065715782	-0.0028659736046897618	-0.0009721960072344625	-0.0011972404528677036	0.0030317278105996934	-0.0005426363381132477	-0.0013586258259094682	-0.0002260787283825721	0.0007682303651760068	-0.0010284763651678003	0.0008296578684291468	-0.001660148508130796	-0.0005330748903480557	-5.8643981184757555e-05	0.0031637097283919112	0.000399706808879779	0.0005404650902243092	-0.00012239704792557171	-0.0008024231477715293	0.0010940243677570439	-0.0011027414410339086	-0.00024653729083283434	-0.0009244610249238073	0.0012054862576985712	-8.546363179859106e-05	-0.0003332669689469302	-0.00031109704385522103	-0.0	0.0	0.0	0.0	0.0	0.0	0.0	0.0	0.0	0.0	0.0	0.0	0.0	0.0	0.0	0.0	0.0	0.0
GCDF287	0.04543006208449346	-0.0006315641279818047	-0.025815528836537104	-0.002561684381848739	-0.0033985198391733606	-0.01170383603136771	0.007091993267482047	0.003264589427772837	0.0014356040228731277	-0.0030485787136749483	-0.0003514333582361359	-0.0006714748961346751	0.005739400658643503	0.00295347947640384	-0.0015145529970379858	0.009427726358082075	-0.0035574449558551133	0.0003341869462793685	0.006182563677867496	0.004163888049262568	-0.0009928869329629626	-0.007773664004378236	-0.0003510570382243517	-0.0005771493528531368	0.0011102309264326843	0.006818921269792329	0.005360769839338083	0.0033429311099231174	-0.0036079117137453533	-0.00011615069380372647	-0.0015193837160299257	0.0015563982261312143	-0.0034425865139861658	0.00254910423711871	0.0021772262189760088	0.0018122536804766754	0.0011096891040736484	0.0033885536067835747	-0.0013672433670076	0.0005397507457246629	-0.00234143726773203	-0.00019458199007069675	0.0011002346937393403	-0.0014210529461432435	0.0012616739236585744	-0.0011861285617057015	0.0005651415335672778	-0.0005388652478317934	-0.0003676642990478527	-5.4496795782041975e-05	-0.0	0.0	0.0	0.0	0.0	0.0	0.0	0.0	0.0	0.0	0.0	0.0	0.0	0.0	0.0	0.0	0.0	0.0
GCDF288	0.05164220992646309	-0.005759677943742259	-0.018909019207360187	-0.030293723627513827	-0.0017770957147990227	-0.00642937756074836	0.004598500909151942	0.012181197394316823	-0.001146621905157518	-0.003581097331132579	0.005031436145574738	-0.004614433894688382	0.004177959129726078	-0.003615278295371641	-0.007697954969640409	-0.0013052473283286477	0.0034629258608082146	0.0022052369164581665	-0.005712234507382114	0.00810593484646445	-0.0014081454791367233	-0.0024787082193949523	-0.0025546496701983105	5.5599187888941805e-05	-0.005166305521766922	0.006290410986967436	-0.0018110468925954604	0.0001709081623799974	0.003994192935816587	3.173951140211305e-05	0.0009074978339036488	0.0006633544873779956	0.0001479020838140325	4.878162887044679e-05	-0.0008934951722658455	-0.001049052055485767	-0.0004586762181751305	0.00033373611131367947	0.0006138210478942506	0.0008727370413323634	0.001669362273466875	-0.001678034608722937	-0.0028906029615206347	0.0024183652096224574	-0.0012805356838187446	0.000617188423019864	0.0002492074851120222	4.116925345343125e-05	-0.0008189598998635647	-0.00027808832571031165	-0.0	0.0	0.0	0.0	0.0	0.0	0.0	0.0	0.0	0.0	0.0	0.0	0.0	0.0	0.0	0.0	0.0	0.0

Biplot	0	0

Site constraints	0	0
