Eigvals	73
2.196917412336356	0.7078742466654219	0.0792445182613273	0.03767604385071022	0.024520298589678052	0.013497363089604114	0.012870788634555111	0.007596359526896065	0.005021842364934026	0.004258464617643676	0.0037682930121761965	0.0025938198732245177	0.0024660959612054223	0.0021805002264824597	0.001959598357355624	0.0018167598044561	0.0015425842401815132	0.0013488247156646647	0.0013165168269225938	0.0012068716568207627	0.0010412260280768248	0.0009342476129266239	0.000911800601935234	0.0008841259412049636	0.0008281316380375339	0.0007663447563762942	0.0007385649769878138	0.0007143955407860624	0.0006874189906383347	0.000683129895694677	0.0006585600325596349	0.0006346421504353411	0.0006041679686853132	0.0005890196784239089	0.000561620433061321	0.0005316717347874176	0.0005131928540163802	0.000488657303777829	0.0004567336848895124	0.0004475556912524283	0.0004349520524991572	0.0003921848957666282	0.00038482793580577534	0.00036423094500970444	0.00034354647459091444	0.0003260915252193522	0.000287280866158655	0.00027370004729837885	0.0002511737583801116	0.00022178912185772602	0.00019645884150263157	0.00014942628514875647	0.00013036919138718052	4.264692669220062e-05	0.0	0.0	0.0	0.0	0.0	0.0	0.0	0.0	0.0	0.0	0.0	0.0	0.0	0.0	0.0	0.0	0.0	0.0	0.0

Proportion explained	73
0.702529986500736	0.2263639416582395	0.025340802540766632	0.012048040781693322	0.007841098140726619	0.004316185149195464	0.004115819245144863	0.0024291629379957617	0.0016058841488693048	0.0013617713044412946	0.001205024287262394	0.0008294514078177691	0.0007886078705583638	0.0006972801007783352	0.0006266401275757819	0.0005809632322692944	0.0004932874032248992	0.000431327005724818	0.0004209955929396207	0.00038593327360118357	0.00033296313431787413	0.00029875358955787557	0.0002915754870765482	0.0002827256873890064	0.0002648198358410877	0.00024506163423749117	0.0002361782197180406	0.00022844932030962388	0.0002198227623403988	0.00021845119607398023	0.0002105942481888845	0.0002029457907131723	0.0001932007605298573	0.0001883566420877644	0.00017959491469345205	0.00017001792355307745	0.00016410874927746383	0.0001562627739662907	0.000146054242948817	0.00014311930524485138	0.00013908891515668721	0.00012541283890854721	0.00012306023113505432	0.0001164737278897953	0.00010985925042128015	0.00010427750880572542	9.18666409083291e-05	8.75237682828023e-05	8.032031431553088e-05	7.092369877437282e-05	6.282358476189404e-05	4.778351953466092e-05	4.168944437831479e-05	1.3637629100270646e-05	0.0	0.0	0.0	0.0	0.0	0.0	0.0	0.0	0.0	0.0	0.0	0.0	0.0	0.0	0.0	0.0	0.0	0.0	0.0

Species	0	0

Site	73	73
GA1	0.08890313141128128	0.017477792674482934	0.006526758538881042	-0.012550469861400402	-0.018304794394673977	0.007320519472818026	-0.014155528245854991	0.004401213431061011	0.019193395855982214	-0.011467980346444466	-0.009550591029486374	-0.0056714810133679325	-0.005515439059200582	0.004547923317819188	-0.0006917689370151945	0.0021472505425395136	-0.0016142012004768634	0.0010059316640767895	0.0004271618651517897	-0.004402913282971379	0.002279621236825115	0.0001432026364532609	-0.0006029376843053474	-0.002432979802128423	-0.0024241942723779598	0.004505332130700024	-0.000686061118709025	0.0013958766975715122	0.0030120604491656266	-0.000553761090681187	-0.00432631325702882	0.002506586957209664	4.82521713712776e-05	-0.0011246702310524995	-0.0008781943642010596	0.0013016406072202885	-0.0031776852138924536	0.0025982332593034985	-0.0002370149705361835	-0.0015879204797430138	0.0008656387480340587	-0.0027697120282469145	0.0015150242634015948	-0.0013215715725770627	0.0019017254970287738	0.0035861315888542572	0.00018416278910699384	-0.0005676953095446932	-0.003643136907024288	0.00023083046217630605	-0.0005829186224479496	-0.0013520720029767048	0.0021574092139217725	0.001403763867912256	0.0	0.0	0.0	0.0	0.0	0.0	0.0	0.0	0.0	0.0	0.0	0.0	0.0	0.0	0.0	0.0	0.0	0.0	0.0
GA15	-0.06182522887630314	0.05050137852464083	0.04492602319785544	-0.03395144220350524	0.008868704103357944	-0.0018789305746214043	0.0011989096204543252	0.01948935124082368	-0.004649237491718877	0.007031792197958079	0.005065545361780328	0.009308755239031527	0.005528577798287583	-0.010374870144183007	0.0051693059181895885	-0.0020384946858898016	-0.007586156267279677	-0.002858176439212501	-0.00413510262401452	0.0028185265577172257	-0.010232912862930684	0.008065768174992443	0.0016753660662791592	-0.0018108809638983083	0.002111179481653039	-0.0005241738779439881	0.00621084660105896	-6.17345523294555e-05	0.001709410008345403	0.0007262137155879	-0.00016471458951237972	-0.0006424367613088736	0.002844542813597474	-0.0023557514022239834	2.788201346086432e-05	6.963326649999859e-05	-0.0013009126433672661	-0.0018192924732766918	-0.0013943456253429996	-0.0014872744913837865	0.000679504567575206	0.0005308002320600186	-0.0006898103654921079	-0.002245557189155374	0.00010151709297300195	-0.0017251085487011348	-0.00030158646622735003	-0.00017047247813087383	0.0010938644545781745	-0.001460641758476616	0.0008490759361106117	4.6738171004214e-05	-0.0015176798915832615	0.001118182625675593	0.0	0.0	0.0	0.0	0.0	0.0	0.0	0.0	0.0	0.0	0.0	0.0	0.0	0.0	0.0	0.0	0.0	0.0	0.0
GA22	-0.31970593866505054	-0.029218215662883327	-0.026089184725537406	0.04282514313821553	0.002303359279325344	-0.01629485441948918	-0.026268767320041908	0.004714732619985159	-0.003563725822798119	0.010817772865760302	-0.0045701034621958014	0.016252728209065433	-0.0005604269891806777	-0.009274666771025944	0.0013235798928812523	0.004688784511100218	0.0027088055307303805	0.0025383317142286107	0.001239170253545983	0.0009043424572973966	0.0048419028684329336	0.0011143150675049943	0.002034627746303767	-0.0005306462472888061	-0.00013723815423399114	0.0023842045080077518	-0.0006726600175838598	0.0014080835769386582	-5.8825606769619595e-06	0.0002173887037024341	-0.0005400346418982792	0.001439191048551188	-0.002184673592954008	0.002096374262489657	-0.00046864842671145654	0.0003020858375536444	-0.002110166474380531	0.0015394631497821537	0.00037345634307232184	-0.0005293179931077851	-0.0012266567741925514	-0.0004707914613824929	0.0005258484886561736	-0.00025918719894818147	-0.0015375503348266043	0.000853995302340002	-6.906299250726101e-05	0.001233252297933434	-0.0014363076497267105	0.0001548144226888068	-0.0007670086932452083	-0.00038931000031051515	0.0008093084432509734	-0.00016205790681644296	0.0	0.0	0.0	0.0	0.0	0.0	0.0	0.0	0.0	0.0	0.0	0.0	0.0	0.0	0.0	0.0	0.0	0.0	0.0
GA24	0.08741827922122972	-0.036869161662558346	0.04448273263578088	0.001659808983330422	0.005905797871930452	0.02675322079026115	-0.005329367104499333	0.005231410273182133	-0.022636958966322483	0.002172772003184417	0.021531511547085533	0.0009532759424875707	-0.02108904446537532	0.005682404040336153	-0.002111486327979631	-0.0068224852887852966	0.005076735045644438	0.013131699715372874	-0.0046799409096367605	0.0010451490804303989	-0.0031193076300355446	-0.0002463818148570665	-0.0007416793497533498	0.0016088481870857106	-0.002127783895385825	0.004357087828592512	0.00011183061597572341	-0.00047332568777413135	0.0009338347034766272	-0.0008449498733646199	-0.0004962662575323661	0.0002682566518397604	0.0018159828365620762	-0.0006364659697449572	-0.0021996174440689566	0.0004816430376272035	-0.0009416085583173419	0.00011365408662687576	0.00048183866669561793	-0.0002699609131057173	0.0005764249822208745	-0.0014089417988839689	-0.00045024942762578044	0.00020770348151777612	-0.00016776054948932492	-0.0013378269433180698	0.0008685917107521234	-0.000131062443718718	0.0008017189846929757	-0.0010664275009577351	-0.0013145968516927473	0.001500758899283053	-0.0002962641304983553	-0.0006890833076389725	0.0	0.0	0.0	0.0	0.0	0.0	0.0	0.0	0.0	0.0	0.0	0.0	0.0	0.0	0.0	0.0	0.0	0.0	0.0
GA30	-0.1781211107853383	0.04122767022729848	0.10729621106502787	0.08019715629329312	0.025790364263424376	0.01925336345255997	-0.03672302351568211	-0.0071520728857164045	0.00733360872531538	0.007435726230386759	-0.00022777617493851694	-0.0024762674979915116	0.00990692673511593	-0.002695565057087561	-0.004904409042560042	-0.0006036431416886318	0.0020975656976914754	0.0007773048274148187	-0.0021107723737603524	3.0656804285975003e-06	-0.0010722909046341012	0.0007432246390466951	0.00013332549294272497	0.0011058280602188532	0.0006321665059380298	0.0002820600666086153	0.00036289183716461444	-0.00012301056158841027	0.0004084584446971562	0.0001345247723366436	2.6979915969369506e-05	-0.00048735591079868736	-0.00012716950283877713	-0.00042561201201185924	0.00018293140774181338	-5.8716666036268284e-05	-2.486154511080857e-05	9.726346179988001e-05	0.00030350198169687263	-4.2890146481937444e-05	0.00031956561860719044	-0.0002173260332259414	-1.1918682829179116e-05	1.5926337598447132e-05	-0.0001806056113692292	-0.00027188283527392087	-0.00022822946925274602	-0.00037288164334791296	1.9443851655903223e-05	-7.323667666902028e-05	3.224424309258025e-05	2.4467613284934106e-06	0.000402185146725833	7.69413642042927e-05	0.0	0.0	0.0	0.0	0.0	0.0	0.0	0.0	0.0	0.0	0.0	0.0	0.0	0.0	0.0	0.0	0.0	0.0	0.0
GA34	0.07000854456020368	0.12279776834318835	-0.028693330955063268	0.005581920764704669	0.019703094761605512	0.00266147790608352	0.00934536976515184	0.0021208087312497466	-0.0033303380077099446	0.0015495646066694894	0.0023892546046477407	0.0019582424899414236	0.004945703978713227	-0.0054424012568166725	0.004866843635385877	0.002069329131757678	0.008019619261047824	-0.0012166780128418642	0.008312241119240235	-0.0009487463672011764	-0.002879727642766216	0.0014321101300693926	0.000730709035513966	-0.0075562784406436245	-0.0072334783344670285	-0.00022843248125337814	0.0020760281489588766	-0.004621194095164629	0.00616906636048379	0.0011497810089285026	0.0012464947841707595	-0.0026828216475616113	0.0031535853483462	0.001358011600540321	0.002716788895159707	0.003296553967278532	-0.004127931676800815	-0.0030765705578609326	-0.0005439796057902539	0.0025294029923244974	-0.0004325253631852865	-0.0009808668347686105	-0.0015794921041077416	0.0015293896354631673	0.0031615366482558977	0.0005830120129428841	-0.003056006900159108	-0.0046218154288851275	-0.000733404404002357	0.0027485335434551885	-0.001122430858512402	-0.0013714208546174301	0.0017599651569296158	-0.000874134597170895	0.0	0.0	0.0	0.0	0.0	0.0	0.0	0.0	0.0	0.0	0.0	0.0	0.0	0.0	0.0	0.0	0.0	0.0	0.0
GA36	-0.15099260876135892	0.04997739436504895	0.05200662888924773	0.008059773646384332	-0.0038394359419844206	0.008680188185287008	0.028044797460079193	0.012806506255497908	-0.002885011946132422	0.0024855627931453655	0.002007329776098843	0.0012685401769477584	-0.0023907055869093353	-9.805121884966296e-06	-0.004121891605659033	-0.006385976439380472	0.009307993138390726	-0.010707545141516762	-0.009587654010058065	-0.0056993084560882125	0.009162691730723442	0.0051460656544261235	-0.001961819881515216	0.0018744615366448134	0.0033232380095416353	-0.0015411770526648674	-0.0007717765480183838	0.0020685112587128258	-0.0019706879494232033	-1.3762840821279257e-05	0.003336099472047544	0.0015847942296581261	8.714497504057365e-05	0.0015272261276703771	0.0016420000795789131	0.0005774881004455141	-6.507881300791063e-05	-0.0009426588848866404	0.0010013724589540143	5.7150671982995615e-05	-0.0002256984157173424	0.00011676407726661067	0.00019920829082650175	0.0017722614438354896	-0.00027622850502351335	-0.00041068378205381164	0.00020251768917529454	0.0006699749978628032	-0.0004344542108705474	0.0010693095581106196	-0.0001858419667747483	0.0002665406275530484	0.0015123588709764785	-0.0020599979065664318	0.0	0.0	0.0	0.0	0.0	0.0	0.0	0.0	0.0	0.0	0.0	0.0	0.0	0.0	0.0	0.0	0.0	0.0	0.0
GA38	-0.5538904457483002	-0.04956025148252717	-0.036664371942045075	-0.0010687508996510664	-0.010721704750018124	0.020852182342402062	-0.002241454453361612	-0.00873933822245171	0.006852562763350404	0.007293715948317616	-0.003681445412562173	-0.001469654101560799	0.011110784398980347	0.0010116199915082727	-0.007313496088868956	0.0029096409901805667	0.0051938059276598805	0.003649896960642571	-0.008541837303717133	0.0042739119061397084	-0.005075956058794792	0.004353131234438319	0.000877217741910268	0.003157397814965997	0.0013140658852609345	0.002575391339066017	-0.0008656917801587718	-0.00027972711433509517	9.416227813928776e-05	-0.00030858480895797064	-0.001991740761633125	-0.002118899846574804	-0.0008891863212364426	9.844217407418191e-05	-0.0006784659201935204	-6.916436795924058e-05	-0.003167483599010932	-7.321373648792827e-05	0.0017996635253349745	0.0002345611924110731	0.00028917196607464326	0.00022770423792837352	0.0013452238132177488	9.66991883747198e-05	-0.0016052410203673813	2.7449127474374912e-05	-0.0013924876022776763	-0.0013387477197869702	0.002600400513206469	-0.0010075890322688542	2.2622209014335056e-05	0.0007760012594961423	-0.0002949125826248959	0.00012286791557387632	0.0	0.0	0.0	0.0	0.0	0.0	0.0	0.0	0.0	0.0	0.0	0.0	0.0	0.0	0.0	0.0	0.0	0.0	0.0
GA44	0.08921555104292256	-0.1326061253963169	-0.011948689642763577	0.009455784909027615	-0.0008355960759017571	-0.01783156964995798	0.006772859408575224	-0.00024996193779171764	0.002540113274969515	0.0006869799017749728	-0.001822099641021762	-0.00393256196222552	0.0017945786840693316	-0.0006887080304093102	0.0031082843309651084	-0.0011445957763870258	0.003126109745610952	0.0027181115553193726	-0.0032581138809889905	-0.001532239775982913	-0.00861470985930525	-0.0020133411931474963	-0.0019093681787341978	-0.003582259891534731	-0.0007947584361901345	-0.002713953261587458	-0.00018838658491867005	0.0018841756356660546	-0.0044730308026122495	-0.004694021611216739	0.0018281430823059255	0.004242542416596948	0.0029846359409771294	-0.003617808496295705	0.0008075988067551289	0.0025397257396374395	0.0021975144708192376	-0.0026783733556528222	0.008401782163607393	-0.0031243712655623563	-0.0008134129468988618	-0.001845737062591753	-0.0013739813823677555	-0.0016482763664266565	-0.006568427491763957	-7.468762201728016e-05	0.0014492684772430039	0.00023569970414814417	-0.0026482927900531544	0.0038334636909794265	-0.0038370745692612265	-0.0014367736449119792	8.497305680264321e-05	0.00045538668028018825	0.0	0.0	0.0	0.0	0.0	0.0	0.0	0.0	0.0	0.0	0.0	0.0	0.0	0.0	0.0	0.0	0.0	0.0	0.0
GA46	0.06318944935546013	0.15099343062314444	-0.039359406177283764	0.020681721893569552	0.005921047301023505	-0.0018279074457469087	0.015359898420209779	0.008243314594752886	0.0022680384591826927	-0.001613972580190268	0.006448770550239629	-0.004879800911384844	0.005588318953477418	0.000495543131972637	0.0019369203423440806	-0.001992387280002809	0.009185564156430218	-0.0014087091800365828	0.002664543475569375	0.0018886017422514731	-0.0032392923729771743	0.005193086314143808	-0.0009388604378807089	0.0020181656419107504	-0.0009284639906249894	0.0019706287615138237	-0.00018767236688894582	0.0013731446008722217	0.0017685689953808794	-0.00026551748750980694	-0.00259781662667145	0.007732456337940985	-0.0041313330966486934	0.0002568547222495598	-0.003817225865900212	0.0021853874348610612	-0.0009544926534781336	-0.0019502546007672918	-0.0021114756276417843	-0.0023071654095839322	-0.00020846300863176025	-0.0029373721554794333	0.0022001456662793847	0.004800673492554997	-0.0015633376694152588	0.003165740308675041	0.001906104025765507	0.0028786669700646785	-0.002993261636880315	-0.002051690934160576	0.001653551916762955	0.003168594684621756	-3.98718272618774e-05	0.0008285491524632712	0.0	0.0	0.0	0.0	0.0	0.0	0.0	0.0	0.0	0.0	0.0	0.0	0.0	0.0	0.0	0.0	0.0	0.0	0.0
GA5	0.08833436491706326	0.027632222651287335	0.001252143648835683	-0.01748161305799312	-0.010983904644857987	0.0012061936179674367	-0.01009697625080416	-0.0026879143740556146	-0.00045534763193655527	-0.004216705279125063	-0.004813435153141029	-0.0018445542896292394	-0.0031043498931644375	-0.0025416793523694733	0.0016709799812863072	0.003663615447571038	0.0048214007784256	0.0002538068154718652	0.00020825118689233747	-0.00035880737957239326	-0.0037631357378316243	-0.0018591611011476814	-0.0001107093737139249	-0.0006203633603431738	0.0015388015586938655	-0.0021895372655106582	0.005565783647153637	0.0002034896769984437	0.0005728921318671382	0.0015866227366645785	0.0021630351717158436	-0.002920813989447124	-0.006505336584589562	0.0017015108387147253	-0.0013628893676638667	0.005263622936460612	0.001690400054300925	-0.0004910325210983863	0.002027457782398755	0.005090564599734518	-0.0014778562738948407	-0.0032107309812967094	0.00815666697875803	0.002440936343794372	0.0020755456682323985	-0.004008107641831768	0.004700651102140998	0.003760304623331046	0.0016968056968618452	0.0030348574015384893	0.0008663422260153824	-0.0009974094228707678	-0.0022985955184712213	-0.000253658270369152	0.0	0.0	0.0	0.0	0.0	0.0	0.0	0.0	0.0	0.0	0.0	0.0	0.0	0.0	0.0	0.0	0.0	0.0	0.0
GA50	-0.13916875597120287	0.1163902044450289	0.04398437757566484	-0.026351848686397436	-0.04446318945155113	-0.004981330782423055	-0.015185806757696473	0.008129126470013022	-0.004739687546714816	0.0023610339988739183	-0.0036302426489937976	0.0005972391318228926	0.008672853456531899	-0.004769632181017751	0.00489380999574135	-0.0011908195962833685	0.0032783949062491833	0.010248086760734005	0.008878173820992534	-0.003489164894331274	0.004686783831646368	0.0006562541568576047	-0.0049173088215564405	0.0028975492380807965	0.002718826853365376	0.0013826537283897248	-0.0011409473417621863	-0.002863092548305063	-0.0022181591084031557	-0.002382101026729528	0.0011744460442936627	0.0006159827089579308	0.0002940801199609219	-0.0015578991272795972	0.001406482514027754	-0.00020411674203584874	-4.5233835926522505e-06	0.0006480264658549692	0.001558719847002673	0.0008500850686430541	0.001048427509783654	-0.002128347930351253	-0.0006057391265121396	0.0003021840861183509	0.00016297035769249988	-0.0008352079861028202	0.0015510970064166667	-0.0006913013076583044	0.00022592240547943696	0.0007225782289727702	0.0007390644664832695	-0.0011563283637778328	0.001166883924010334	-0.0008241219668519815	0.0	0.0	0.0	0.0	0.0	0.0	0.0	0.0	0.0	0.0	0.0	0.0	0.0	0.0	0.0	0.0	0.0	0.0	0.0
GA57	0.06357222607749785	0.14376088674956736	-0.03026692688498553	0.032699808362057665	0.01309413537440474	0.026641202690882642	-0.014578948276270898	0.010329995428540614	-0.010498644466535636	0.004160071060654426	-0.005932319143520236	-2.6875299890797094e-05	-0.00919792638177117	0.0032900707827741823	0.015300675097938985	-0.00035053993393747404	-0.003133499979925598	-0.00874071429995074	0.0032817333726334022	0.0015221355002045622	3.694323194594184e-05	-0.0022188571736826523	3.3115824095355443e-05	0.0017513245330587944	0.0018239142112686391	-0.0013409577115622191	-0.00208610998802583	0.0008733000149659699	-0.001510342743443175	0.0003893423354784324	0.0003288231515857027	0.001799388280205388	-0.0013398650700364293	0.0009763146018086671	-0.0007993739213235756	0.0011488821810508101	0.00047414569545270734	-0.0013888363702362426	-0.001265748799831577	0.0006941939192080487	-0.0007530419131190052	0.0006638535116566239	0.00028193236039170886	0.00032693705854263696	0.00037134682276854773	0.0024282535189226384	0.0003884250512150343	-0.0007660856044115762	0.0004073324370674202	0.0009454489541106649	0.00022717481059352212	0.0005055012361916592	-0.0003096397399584031	-0.0007267434357027994	0.0	0.0	0.0	0.0	0.0	0.0	0.0	0.0	0.0	0.0	0.0	0.0	0.0	0.0	0.0	0.0	0.0	0.0	0.0
GA6	0.07338170898648781	0.10954515271452703	-0.023648059660887805	-0.002639916948058949	0.019779254752732702	0.007740540084004359	0.00044526588801886306	-0.0052505210255953585	0.009019486532702245	-0.005327772492454876	0.005463859702788435	-0.002338211672448629	-0.0038346799897824232	-0.009318293284875564	-0.0066137815385537615	-0.0003126489764705014	-0.01047942198379192	0.00376327082863558	0.0022534092903713217	0.0016498659191667973	0.002355111419475402	0.009234989566480214	-0.005613288139330767	-0.008112214009960997	-0.0012554186642475221	-0.003123212165510635	0.0020262235753787656	-0.0032754293758685046	0.002828991187394435	-0.005052092264464566	-0.002841620061600932	0.0061621642177688805	-0.003886376115021857	0.0012130985863557837	-0.001567795466794423	-0.003955438305381966	0.002822341550618385	0.0011401581630531641	0.0030359922917699215	-0.00024025168219562467	0.000383875105500828	0.00026894394255346605	0.000559758091823272	0.0001576414490720899	0.00048695156937558705	-0.001592758176263288	0.0015869813745852178	-0.0004833805128095049	-2.686916281986912e-05	-0.0025279002140876005	-0.0008045658028851901	0.0005005610477639146	0.0007192099214325196	-0.0010593328415762575	0.0	0.0	0.0	0.0	0.0	0.0	0.0	0.0	0.0	0.0	0.0	0.0	0.0	0.0	0.0	0.0	0.0	0.0	0.0
GA66	0.04793033889144937	0.20415241829753236	-0.06797195952300539	0.06437679211555315	-0.057833902852742536	0.007581627233900724	-0.0036722683883357718	-0.017854443659230185	0.0010438329901908108	-0.0014178527458948026	0.009867499350585248	0.003901393271666948	0.0029937100026142297	-0.0027193984846524597	0.002229413181339671	-0.002253262922861657	-0.0027325559716211523	0.003942605857276882	-0.00023293548875242425	0.001663146006336384	0.0013083570039531297	0.00048150312086900007	-0.0010834623959193636	0.00031340155542103793	0.0007510374288904323	0.0015413836836292022	0.0009365837348028994	-0.0005247975141164251	0.00046944874264789015	2.5538338615839766e-05	-0.0003513623269833416	-0.0008134490139344899	0.0011041735607237155	-0.0001945541719389809	8.134472871744507e-05	0.00019558951148480633	-0.0002652595736372359	-0.0008695368166313881	0.001070928306725981	-0.00012501865546033034	0.0006669527217070477	0.000561583306124724	0.00023887617864887484	-0.0006519321007114298	-0.0003056099622582455	-0.0010013025422828817	-0.0005155729218897191	0.0007417091009991758	-2.3283545824409498e-05	-0.00016694519603019034	-0.00041990160409728877	-0.0006355522494845224	0.00021444741281828836	4.717732281372759e-05	0.0	0.0	0.0	0.0	0.0	0.0	0.0	0.0	0.0	0.0	0.0	0.0	0.0	0.0	0.0	0.0	0.0	0.0	0.0
GA68	-0.19403099074775448	0.0356959548324225	0.05135267707249654	0.0333410798833652	-0.01145251825202187	-0.0026674756154973535	0.03610013155354539	-0.015534740877247382	-0.005628734686773785	0.003913448016242559	-0.0076987620575651545	0.003968143960333297	-0.006595896635887267	0.0067710426504531745	0.01667099145789552	0.0033080108942615386	-0.00977863952836936	0.004648258972246963	-0.0017872374896737695	-0.001666332282007142	-0.0018957432494425982	-0.002990334297623523	-0.0010812647224432955	-0.0008082655943351142	-0.00257983039625743	-0.0019145148788425321	-0.00048119952902376774	0.000244572047672367	0.0015800113408886362	0.001005831286868987	-0.000980018524418185	-0.0005828067641162951	0.0006294275670069553	6.329453700574142e-05	-0.0010287385120157512	0.0003662476517248867	0.0003710334688899157	0.000488842287105551	-0.0012868042062489952	-0.0009735312459715231	0.0002454021014629336	-0.0002868883288112084	0.0005572674347667172	-0.00017631077378062025	0.0009144956879302806	0.0012026947019275662	-0.00019544565227492915	-0.0002024161324808532	0.0004850249546787239	-0.0008175784829341226	-5.531516346669262e-05	0.0007307817878698151	-0.00046162636555547313	0.0003953690689701976	0.0	0.0	0.0	0.0	0.0	0.0	0.0	0.0	0.0	0.0	0.0	0.0	0.0	0.0	0.0	0.0	0.0	0.0	0.0
GA69	-0.6437587495937989	-0.05706762386136111	-0.03220531614727486	-0.014291683367287245	-0.012645586602981937	0.011561304503460573	0.006418447898558218	-0.0036276493493490013	-0.00023939379518320887	-0.0025807428176323308	-0.0022721097981173097	-4.391592315474182e-05	-0.0034470989573865836	0.002061280474657908	0.0018976391395775722	0.0028058682342234124	-0.0015315985992576978	0.0010320378024377779	-0.0009065588615160665	-0.002214956234754931	0.0017742602773205681	-0.004434881616788774	0.0004650894912239642	-0.002410606877990556	0.0022852774559584347	-0.002380834512913766	0.006754627606743655	-0.0014304237278977483	0.0007801268479495569	-0.0016215811620629884	0.0025359984281152176	0.0001608895614060606	0.0034677793326496633	-0.0009054187465209664	0.0009835636937958437	-0.0014865587192499947	0.0037751298008319753	-0.006517794114823967	-0.00322154392084959	0.0010529481955708641	0.0016224054700591834	0.0007892202878340198	-0.0026726472562218027	0.0004502447242230411	0.003039747233079346	-0.00040678285356020907	0.003546757496726428	0.002391168442478875	-0.0049745181315833525	0.0005924197518992779	-0.0002555208986557689	0.001603419268338541	0.0018336731256590555	-9.192747031884849e-05	0.0	0.0	0.0	0.0	0.0	0.0	0.0	0.0	0.0	0.0	0.0	0.0	0.0	0.0	0.0	0.0	0.0	0.0	0.0
GA7	0.08734834885898793	0.03213712756941576	0.0008570126041771716	-0.01855713885201115	-0.009392266292240785	-0.0006389027832037859	-0.009636635929853898	-0.003216214584575447	-0.0037618420857911125	-0.0032381008501833255	-0.0023876583848416624	0.0023315589682721184	-0.00011119916812366797	-0.0017266301839967304	0.001361987397026747	0.001941373654073789	0.006131881850545044	0.002818762426386042	0.0008331398984206564	-0.0022574603452291202	-0.003672180843294287	0.0034679038691894483	-0.0005894288962179482	0.0036607518697626207	-0.00407477037314682	-0.006678204637399016	-0.002616349676525244	-0.004017166283325549	-0.007235676741148305	0.0004118869401444209	-0.0017852930261868887	0.004136896413413265	0.005133220904130474	0.004243524762701091	0.002979459527511037	-0.011239163993550148	-0.002775589673470693	-0.00126174326704738	-0.002312664580965525	-0.00034130520058434094	0.001408813063888615	-1.3325568348974494e-05	4.400021596714789e-05	-0.0007163216445274274	0.00033854908741904385	0.005051212640152478	0.0003705348192220367	0.0029183441612457535	0.0014854245887898395	0.0028346019220461846	0.0017725522661879583	0.0007055096934705116	-0.001604291708831252	0.00011834293249530626	0.0	0.0	0.0	0.0	0.0	0.0	0.0	0.0	0.0	0.0	0.0	0.0	0.0	0.0	0.0	0.0	0.0	0.0	0.0
GA70	-0.11087175835956764	0.14169117543701137	0.02684555483103038	-0.02866408857629009	-0.026169280553809685	-0.008676595591934823	-0.03505321542903402	-0.018940715251217693	-0.0045617288752982715	-0.012236801794200518	-0.0056963459393025734	-0.002273298920731334	-0.007039164631316155	-0.001082031359305373	-0.0012761414443826077	0.004413270866306372	0.0016542937997453696	-0.010508357515178922	-0.005032267775088938	0.0013640468132320159	-0.004992324526051641	0.0024913298413655628	0.005540853951051285	-0.002721921099843418	-0.0008197781322492918	-0.0005380824661717434	0.0013381602937458754	0.0023000459187067263	0.0007801121631578912	0.0015010711715679487	-0.0002717245918899083	0.0004015814877880349	-0.00021556275436665815	0.0016190370586178192	-0.0005159155811072304	0.0004973193703021478	-0.0008944619718025848	-0.0003433367080673592	-0.0010720253704531854	-0.0007011553106734645	-0.0013104090914854557	0.001104603332973232	-0.00040932444739395806	0.00038297554542819466	-0.000410215455487142	0.0003169191358455351	-0.000757969809157957	0.0002898744159650427	-0.0004014341026306509	-0.00032306468483499885	-0.00023617751118031846	0.001078468303042353	-0.0009426614189843766	0.000537973880030901	0.0	0.0	0.0	0.0	0.0	0.0	0.0	0.0	0.0	0.0	0.0	0.0	0.0	0.0	0.0	0.0	0.0	0.0	0.0
GA73	-0.6864380690334999	-0.06027817582459776	-0.030573911482909367	-0.021307286824586866	-0.015149692599013996	0.003631228224496216	0.01329602763119947	-0.0015140955644869758	-0.005768990876700446	-0.0037971956728271136	0.001564064642514237	-0.004406135077915049	-0.0039938536275363435	0.0015992984456313047	0.007942289982850655	-0.0044263117099257445	-0.0016106747006681744	-0.003147274363533044	0.007253719981504884	-0.001087981054304766	0.0015314500823088715	0.0016743011002008173	-0.0005182045627960923	-0.000178147475992892	-0.002394253435726826	0.0013085681302032492	-0.005689343535730421	0.0014031750738555302	-0.0011448607426618731	0.0009618927568888596	-0.0009155190696756835	0.0021989646742110514	-0.0028417260594955822	0.0016593462105515475	-0.00039259535115835167	0.0013203601360481526	-0.0012525921628238825	0.0060758611048491945	0.0021165078354246154	-0.0012108710721418683	-0.002039486367934723	-0.0007479261077629948	0.0012501210890685664	-0.0007959709854715107	-0.0017953412684605747	0.0006507391224305824	-0.0018694043971351896	-0.000980468190234547	0.0025704403023022932	8.439182968204808e-05	-0.00010130722416635845	-0.002205911788551476	-0.0014614781978902192	-0.00017164240640986207	0.0	0.0	0.0	0.0	0.0	0.0	0.0	0.0	0.0	0.0	0.0	0.0	0.0	0.0	0.0	0.0	0.0	0.0	0.0
GA75	0.06772383473243417	0.1317937277715583	-0.03104384123324146	0.012583381274057913	0.014375283957092	0.00458790554115128	0.009965049436916574	0.004987515702832688	-0.002379603647461325	0.0015016462641672702	0.0008398714312096797	0.005188744544372997	0.001924846782461575	-0.0015978416181773876	0.007094665447639226	0.005153330083928641	0.008503947709243058	-0.0013632127677428599	-0.002944676685411743	0.0010829756437469684	0.0030504279917939916	-0.0005688910388283811	0.0016877868441618855	-0.00035661357757350653	0.0018571497873951148	-0.0017794312721002839	0.0005530905007099477	0.003960251963691682	-0.0033648248171642865	0.0028434219042324416	0.003770550664356313	0.0020971785305706494	0.0004612096877079603	-0.0032256045748420975	-0.0006620385985176806	-0.004867490150442375	0.00508357311591401	0.00951699813068914	0.0019801770664268346	-0.0010843855952573616	0.0004192682262688283	0.0017527445546874345	-0.000195731783197352	-0.0017887087980742863	0.0022831833166393773	-0.005248175615058014	-0.00030480678868476184	-0.00012033161305376565	-0.0012070321693519242	-0.0015107026866533878	-0.0010242203341351752	0.0003339473583835148	0.0007401238571203265	0.0018482596117416795	0.0	0.0	0.0	0.0	0.0	0.0	0.0	0.0	0.0	0.0	0.0	0.0	0.0	0.0	0.0	0.0	0.0	0.0	0.0
GA76	0.09059381875765178	-0.06594541512119032	0.027384156955018973	0.00828621985454089	-0.004344698544785919	0.00893918007587812	0.01303494711684144	-0.0026775240468357676	-0.0010733821709969853	0.00014955551490065965	0.0005313727260247964	0.006592792940637101	0.0010813165438241245	-2.7127291878721943e-05	0.00031717353940387976	-0.0012820356165970518	-0.0032527338559262043	-0.005700479781070709	-0.010680594782175727	-0.007471570567874805	0.003421648687558416	0.0032178147559242796	-0.001571880453325678	-0.008400118748661534	-0.005331315928373007	0.001562379571865008	-0.0014695305539955059	-0.0005852231418816616	-0.0009950489212069077	-0.004295044285892747	0.0059465335749323035	-0.0001118027121703179	0.0013832738006831508	0.0005951251078760129	0.00027390927806659674	0.0016041356689144859	-0.0035086054145360658	0.001563596900522272	-0.000803698841580902	0.002124083019709257	0.005705592203735087	-0.004130243564435809	0.0020529629339236313	0.002273078243952971	0.00010405889034031006	0.00010039612003317164	-0.0023991218668135083	0.000934093057694288	0.0008505110422975372	0.0012111359319476123	0.0013570780836927615	-0.0010464807448646574	-0.0007438326307178545	0.0016993160606681309	0.0	0.0	0.0	0.0	0.0	0.0	0.0	0.0	0.0	0.0	0.0	0.0	0.0	0.0	0.0	0.0	0.0	0.0	0.0
GA80	-0.2626420033890525	-0.06350117721016921	-0.029473111230351	-0.05740136238767152	0.07006472682897444	0.02695574687647132	0.0017557675845232686	0.0004046243076438805	-0.0007426732156067602	0.005254402846389706	-0.001241683144595293	0.0021629304059969635	0.000996130761628867	-0.003654246444351615	0.001810347368610761	-0.0017941748068730577	0.0006939283313740211	0.0015664260764858768	0.0017079687994512077	-0.0010481465141462425	0.001754915068355544	-0.00039772890301525635	-0.0009480447438064783	7.428598157527662e-05	-0.0009077019058736577	-0.00043045917543481593	-0.0001286569161795166	0.0001291797125148905	0.00038800976203890743	0.0008384432793190278	7.429242179078978e-05	-0.00011930784510425158	-0.00042276471595944826	-0.0005257987690769225	7.040438318088585e-05	6.0944682614963575e-05	3.057911384685604e-05	0.0005375287997736713	-0.0005202578310243093	-0.00016460452337681267	7.162055769392402e-05	-0.0004907957889064878	0.00013138717503560773	0.00010912003131443578	0.00015372590058616064	-6.703239523562153e-05	-0.00029372007548028654	-5.06259573140666e-05	-0.0002899555914098499	0.00015954061932037323	0.00023990050702616975	0.00013576054465755795	0.000343106231847299	6.665289725651994e-05	0.0	0.0	0.0	0.0	0.0	0.0	0.0	0.0	0.0	0.0	0.0	0.0	0.0	0.0	0.0	0.0	0.0	0.0	0.0
GB104	0.09089476710161143	-0.02061145555320644	0.018681267306726757	-0.006595893953958123	-0.020031699838222262	0.005679271926844243	0.005276136110598494	0.014618238816562162	0.01644588030517784	-0.005049235666105277	-0.009697749913687556	0.0011325474474294902	0.002697555941476802	-0.005211848843771138	0.0009440608745703156	-0.0024341880622542594	-0.0027537940645338964	0.00464091872244698	0.001949801680366186	0.003216625157153173	0.0024644232444148233	0.00022479274236292192	0.0009159873429887517	-0.0038675320848573446	0.004665069255392366	0.0008747812400712862	0.000906644330141823	0.0025244679151388417	-0.002149514204213366	0.005294006786180918	0.00549010881199936	0.004352491779331648	-0.0018028293912356742	-5.8242468839205444e-05	-0.0011025901130844317	-0.0009014103418643788	0.001568816698640276	-0.004694257772002866	-0.001488946980930268	-0.005001792807353058	-0.0030468370524273356	0.0009084055278446256	-0.0028345808657151686	0.004632869715551855	0.0022346591016334343	-0.0014720634950620458	-0.004876140883173387	-0.0002404106830681459	0.0025208571134008005	0.0015227628893109408	-0.002143286642911767	0.0007613626366599021	-0.0028216257031378803	-0.0005994646465462558	0.0	0.0	0.0	0.0	0.0	0.0	0.0	0.0	0.0	0.0	0.0	0.0	0.0	0.0	0.0	0.0	0.0	0.0	0.0
GB114	-0.47028136930488834	-0.03814750046406759	-0.025307526188667107	0.030284321662512027	-0.02199952297131612	-0.027840326040461025	-0.011721754274765914	0.004868732711956776	0.0004061613234301223	-0.008862067113017751	0.010967865907712588	-0.0005288018111692713	-0.0054663030871004185	0.00040428363526243545	-0.009295894718600484	-0.006761962946279766	-0.005131347780013658	-0.0034696431746349538	0.0003770020033951406	0.00019212377225053337	-0.0010796624811923083	-0.0023788196704169024	-0.0019567989368601186	-0.0004237319137412422	-0.001071648889490466	-0.0030210910261436012	0.0005240043439161873	-0.0005845199831880019	0.00036313571830121045	0.0009983154533890596	0.00045704221095901984	-0.0018871830055937995	0.0021118375183958754	-0.002445055298268176	0.00033947218632502236	-6.328798121162796e-05	0.00202016580252968	-0.0010109241869589395	-0.000935385135907688	0.0006140557720645997	0.001154367849285042	0.0005567504576912444	-1.0678564708323812e-05	0.00021939260052018545	0.0012944632893615083	-0.0010697208240539632	-0.000536974931563377	-0.0008057231281278298	0.000905625860719249	0.00024396353229343492	0.0008368670507762074	0.00012342292192728875	-0.0007658143237223979	0.0003222201502742442	0.0	0.0	0.0	0.0	0.0	0.0	0.0	0.0	0.0	0.0	0.0	0.0	0.0	0.0	0.0	0.0	0.0	0.0	0.0
GB117	-0.09427562364447832	0.0006828107544170356	0.05821164242571857	-0.018803278618122185	0.027854768154757667	-0.005009912309913842	-8.350441978155592e-05	-0.022473647378620943	0.006796892752701215	-0.015376329127839691	0.007035147959448007	0.005002593563233661	-0.003831369427310765	-0.0042370897994786355	-0.003180208938233674	0.0015695583240134341	-0.009847467436950511	0.003589111012821831	-0.00010808994807514584	-0.004239425149662334	0.003117138421444378	0.001468934105012671	0.0005753125746691655	0.00018042615776370246	0.0028523735513310148	-0.0002327513458970074	-0.0014400545973464038	-0.0004969600675995199	-0.0023783531997672125	-0.000923258729549158	-0.0009642671406198881	0.0005822488381243185	-0.00022925663812943759	0.0013585227865183756	0.0006069040619172755	0.00015447708852487344	-0.0006461532262274873	0.0006754845516709044	0.0010929035523319002	0.0006945565005820481	-0.0012130692055924608	-0.0005431307063537146	-0.0002604716300464534	0.001453810473641747	-0.00020613919658736858	-0.00012954091492450666	0.0005228707092187647	0.00027720967191043034	-0.00031707164874753387	0.0009138286110762478	-0.00030380500413351496	-0.00029900243017786846	0.00029969481362238787	-5.902145862947529e-05	0.0	0.0	0.0	0.0	0.0	0.0	0.0	0.0	0.0	0.0	0.0	0.0	0.0	0.0	0.0	0.0	0.0	0.0	0.0
GB127	0.09016924175736812	0.009947677035637426	0.006728249486836999	-0.018514117516547426	-0.01848497086367618	-0.0014004159220081566	-0.006091961879593745	0.004913406421110523	-0.00738986730431811	0.0010680762958192977	0.001757502507762867	-0.0028139243683722535	0.002101323501094219	0.001122873477025084	0.001902024108125384	0.00222084129591405	-0.0005535259124963965	0.0021424901301090016	-0.0003660494889243784	0.002641902272979105	0.001976712813977321	0.00361639749065504	0.009773519338542222	0.005995838909252712	-0.005507364398470041	-0.005959962639345529	-0.0010883522574453067	-0.0029171085757036743	0.0030599339613463666	0.0038897957432624188	0.0015017412861683145	-0.001182025730732605	-0.0014010141814598499	-0.0007405249607585087	0.000913757960060072	0.0005505086530911672	0.0008197573821492455	-0.0009294818384252282	-0.0007729132410140705	-0.002285209247207742	0.003111227015239571	-0.005315638235005062	-0.002353760836972147	0.0007793038312272762	0.0008324891340602737	-0.0011793169178109825	0.001226228576461518	0.0020567466177990536	0.002790748752770512	-0.002307439321437282	-0.005867636469982543	-0.0017989188256283103	0.0025967156684892252	0.00045474640679499045	0.0	0.0	0.0	0.0	0.0	0.0	0.0	0.0	0.0	0.0	0.0	0.0	0.0	0.0	0.0	0.0	0.0	0.0	0.0
GB129	0.0913702622386624	-0.0036783506411664033	0.011302538208554857	-0.016329426787345235	-0.021897999225012888	-0.002009151524538823	-0.0014651998804339394	0.00924446933296253	-0.006496277164289802	0.0017729888419396977	0.0017539262549368115	-0.0018477197860197047	0.0040253170654151035	-0.001431545044525933	0.0031046973415821346	-0.003767303521585603	0.0005459401944266774	0.0015945299637468227	-0.001185275673503605	-0.0009845703475221093	-0.002168408456140897	-0.004442118597600133	0.0026165615739483965	-0.003705362310466198	0.004032465025965331	0.0007316734761176834	0.003853826858103266	-0.006429257469895042	-0.002828477164728029	-0.004700439727648883	0.0006095668605245081	-0.0027215182916862798	-0.0033424985945705887	0.0003473768800429452	0.0008657221467032483	0.001313424999569405	0.00415277098910581	0.002307672386783859	0.004879607672144827	-0.0036320480110009876	-0.002396697789222922	-0.0032215344824492896	-0.0013296581014188792	-0.0008865038374038975	0.0016645869474630046	0.00367968026728087	-0.0020441402659337575	-0.0014314466474475347	0.00299724101953971	-0.0010072458500216114	0.005913002617017587	0.0016664091608106172	0.0024260587733423845	0.00022945919455537835	0.0	0.0	0.0	0.0	0.0	0.0	0.0	0.0	0.0	0.0	0.0	0.0	0.0	0.0	0.0	0.0	0.0	0.0	0.0
GB131	0.09140165409010759	-0.07825505794126199	0.022864195907173288	0.009327011543528899	-0.008745327292227613	-0.0036318274796861166	0.020421671673314677	-0.008399054579207664	-0.0019139831813743287	0.003662396043842971	0.0032014277276744487	-0.0003126142078793308	0.0011606222046416492	0.0019831177020407233	-0.0051806627027921924	-0.005999671317617624	-0.0007542837817488155	-0.0023799697030462475	0.003292965232271371	-0.0030360424691982246	-0.0026036677258936807	5.657045906608389e-06	-0.0016711007134258805	0.00012519758152968044	0.007219148075626887	0.0022951441600662734	-0.007505196403480928	-0.0020275594315849457	-0.001238621755638162	0.0037653762222497416	0.0009763993678602846	0.00011921043373636379	-0.004833472188241182	-0.0038539564326428486	0.00032025955524111625	-0.00036828118533329746	-0.0017308777308646713	-0.004907278299241765	-0.0004014043172427574	0.004703303617486425	-0.0023312270059631358	-0.0008688750488272328	-0.0019406335133823045	0.0013672988787217888	0.00011994140237862537	0.0022024262433009353	-0.0018785485131710409	0.0020313087477379288	-0.00027049024761661284	-0.002465653313136978	-0.0019822969829836677	-0.00041893658178069335	0.0006514588270514918	0.001043152911724562	0.0	0.0	0.0	0.0	0.0	0.0	0.0	0.0	0.0	0.0	0.0	0.0	0.0	0.0	0.0	0.0	0.0	0.0	0.0
GB133	0.08998485447962001	-0.08847661069573654	0.01965234724641645	0.015258105274509732	0.0018636206133743078	0.0039679068104258464	0.009804939626617975	-0.010479690241179783	0.012015995060402277	-0.0026200601298236124	-0.008448670674625826	0.006525353586435396	-0.0016226331645369514	-0.006000447229915139	0.0008252615292794295	0.0014617981879366366	-0.0008911298685249604	-0.0011936375274131477	0.0026192239904929415	-0.00019015436831599621	-0.012190662099795456	-0.00604491498538603	-0.002131656562232298	0.003986548276487596	-0.004356187535290747	0.0008111446414669815	-0.000467670961371408	0.003795116720644	0.0003742122446394939	-0.003952846576218642	-0.0006148209648786194	0.0006802494626299345	0.0004356414415488188	-0.0011963931036900657	-0.002210154145201196	-0.0001211516429941955	0.001125301741835905	0.004163044466256389	-0.003157636805134752	0.0006422831672898595	0.0008824581189288305	0.0016889540297098005	-0.000982139791959248	0.003243150434600404	-0.0005936174876791409	-0.0023436368127958077	-0.002730047367778734	0.003527049020412318	0.0029431860871671103	0.0016966286342892122	0.00016559126591760196	0.0021601398134259192	0.004387262059796026	-0.0013722922632605622	0.0	0.0	0.0	0.0	0.0	0.0	0.0	0.0	0.0	0.0	0.0	0.0	0.0	0.0	0.0	0.0	0.0	0.0	0.0
GB134	-0.23513239629220828	-0.02882082104701415	-0.013589533109329022	0.018972717185721782	0.04511185797716611	-0.03840199322980222	0.002313881375863936	0.023028886997796358	0.0005033547443306158	-0.008979613376457982	-0.0005624254179115376	-0.011542004947673361	0.0019796770887514736	0.0077918823191626685	0.0041569862188901305	0.0027404305886153143	0.0013059726538542753	0.0005712133072525156	-0.0019990989848053652	-0.0014173358797069067	-0.0033983027833519985	0.0012273951239745557	0.0001269427238316317	0.0004414333584743202	0.0012176520058170596	0.00015073587786352635	0.0003592161348123558	-0.0009256415495637089	-0.0004242947523365218	-0.0012584838396897625	0.00027863626127712225	0.000344790948131107	0.0005992091363375208	8.594592338100819e-05	0.00022746028415345892	-0.00017758150228967907	5.5632290101849964e-05	-0.00041567506628117896	0.0005641428746230215	-0.00010583651097486688	0.0002054248632157016	-0.0002391849336423466	-0.0004613102238741582	0.0002856421783059501	0.00020785722501062766	-0.0001653554953210154	0.0008286857175365672	-0.00022773963753077193	0.0005801434217274185	-0.00038339644422125466	-2.924240991417589e-05	0.00020668435391157984	-0.00022899341843612378	-0.0001453535052361695	0.0	0.0	0.0	0.0	0.0	0.0	0.0	0.0	0.0	0.0	0.0	0.0	0.0	0.0	0.0	0.0	0.0	0.0	0.0
GB135	0.08904213965170972	-0.10875895653952428	0.009092658560535647	0.015322890719839123	0.004886667568419022	-0.007472283770478949	0.009859392763459974	-0.008317963494200038	0.01310688697357898	-0.007282857692814631	-0.008949721366646748	-0.0009072392410329382	-0.013341485153282151	-0.005649682118588665	0.007768295456021689	-0.007201735976590632	0.013902972323654793	0.01124577835949332	-0.0024593796026087925	0.0021033256023600764	0.0033470873389675	0.005689749145977684	-0.00021072073238794753	-0.002848567000911372	0.0039785371758462775	-0.003189297067607863	0.0026898167633242977	0.0014179397055006948	0.002194659825088232	0.002121657125847049	-0.0016844425114203128	-0.005834214439874633	-0.003092167388846847	-0.0008558389700394628	-0.0005227935623396053	-0.0007899398341085478	-6.770660922308206e-05	-0.001413376742555302	-0.0012049349895314162	0.001934981403929238	0.0009398671395608633	0.004732068130934393	0.0012698106891841864	-0.004109403273097395	4.023695848934453e-05	0.002604184174518511	-0.0015763992297425282	-0.000890613582066923	0.00033948289912557553	0.0006434677341713378	0.00025046511894727223	-0.000263092011098908	0.00031757760946875805	0.0009118611026948393	0.0	0.0	0.0	0.0	0.0	0.0	0.0	0.0	0.0	0.0	0.0	0.0	0.0	0.0	0.0	0.0	0.0	0.0	0.0
GB140	0.09190781967231504	-0.014634223514103416	0.015377188506290922	-0.010758510252876144	-0.024392269834417862	-0.00270097775501093	0.005336091902708057	0.012948343586665016	0.011187150717182787	-0.0026027793685183707	-0.006621059880519683	-0.0034382468339906533	0.005282362912049188	-0.0037022771319357457	0.004596628994222478	-0.012664560885187949	-0.0017511912759751703	-0.005716945375780913	0.004566083609970684	-0.003946737541945365	0.0006304275823386897	0.004066301153500659	-0.0009367080830552798	0.0011057138364069356	-0.0011141337321501894	0.001548885329500552	-0.0020049998958084135	0.0035264995777435386	0.004633692969702827	-0.00023159827076823448	-0.002563880617560371	-0.002182514234192256	0.005422453948506219	-0.0017641384498817193	-0.002334300164241158	0.0008776936801946386	-0.0011560285313296256	0.0009378746374822022	-0.001839805062659698	0.000846321728754166	0.0019352801245192557	-0.00017282441358809614	0.001017286221129634	-0.006702730590541448	-0.002538127602617356	-0.002141168911366155	0.003922376560496313	1.3194258497662875e-05	0.0018942124616033148	-0.00046784757463778193	-0.0006125488914176584	0.002512395990762187	-0.000682622209988188	-0.001179394844999949	0.0	0.0	0.0	0.0	0.0	0.0	0.0	0.0	0.0	0.0	0.0	0.0	0.0	0.0	0.0	0.0	0.0	0.0	0.0
GB142	-0.0922331734826371	-0.009977131785247461	0.058628689598270604	-0.022526452921847497	0.0196624393747222	-0.02806158877992138	0.0024005504547448485	-0.02334996370224783	-0.009900871843886763	0.0022771037632598225	0.0009303674537205492	-0.008965251105338856	0.006453066295510846	-0.006980156899317093	-0.0017814864132774263	-0.003160592112849287	0.009888577929449985	-0.0035843543834221344	0.0014455066516313834	0.007124092854697951	0.0015479589566407112	-0.003587141052270091	0.0014365659895689696	-0.0005799998308458908	-0.0018410532207242438	0.0017734630597136224	-0.000287033375548925	0.0005332892294702312	0.0008183355511792678	-0.0002752833305815774	-0.0005235729311717531	-0.0002981580249600313	0.0003171411371675886	0.0005441684138372812	-0.0006602375903520096	-0.0001064553661486883	0.0004170149012225388	5.6230729806449535e-05	3.541987375621599e-05	0.00032173474774075024	0.0004831597080248835	0.0007753562143323076	4.506302447966711e-05	-0.0002985664142197548	-0.0003567113995106422	0.0005163198210347478	-0.00039546982736256937	-8.964110405689372e-05	-0.0006264278726579484	-9.67774779010722e-05	-0.00025362269831969163	-3.863103425452503e-05	0.00046790921826739013	-0.0003309649051400012	0.0	0.0	0.0	0.0	0.0	0.0	0.0	0.0	0.0	0.0	0.0	0.0	0.0	0.0	0.0	0.0	0.0	0.0	0.0
GB147	0.08191814135508742	0.07493062129449736	-0.01565864316252591	-0.014912459160247055	0.006002818618199605	-0.0074361289358570865	-2.259319142246589e-05	-0.012021806175779342	-4.480918926966819e-05	0.003374919500889593	0.0003172228268233125	-0.007815391692136351	-0.0034899161979927663	-0.001101888501729122	-0.002926306206007652	-0.006801871946628652	-0.001060757353458306	-0.00014653352177959104	0.0021667956164214395	0.013263580834819003	0.004277850363954679	-0.003236502436883715	0.002796400005954904	-0.006046953005081118	-0.0006093978697582713	0.002497847148166409	-0.002635351762368715	0.0027391587876007656	-0.005338354124197111	-0.00245677025448863	0.0036666063789495234	0.0026840525142799872	0.00039562582689097196	-0.0019586236698906413	-0.00015804024758475584	-0.001784310399085415	-0.004455738470211533	0.002160242076054145	-0.002343507600817899	0.003915170902823836	-0.0010382776185675084	-0.003297927489940786	-0.0034113609022074897	-0.002772849437588625	0.002175169313430995	-0.002563899222565616	0.0012562058123214354	0.0022497624640737952	0.0005880684990923669	0.0015956229892553002	0.0009198990622483838	-0.00015360773419784826	-2.015239663450839e-05	-0.00014272760703531358	0.0	0.0	0.0	0.0	0.0	0.0	0.0	0.0	0.0	0.0	0.0	0.0	0.0	0.0	0.0	0.0	0.0	0.0	0.0
GB149	0.0871017537275477	0.03904528447518162	-0.003227248201559143	-0.017977465621622574	-0.006813259025136996	-0.0009487100526587968	-0.009224458987298824	-0.005873840005722303	-0.003384117766572774	-0.0006214209735741857	-0.00013583243347421218	-0.00040386173067993386	-0.0030341800052891403	-0.0006847039035892766	0.0017368795068321622	0.00429941822467317	0.0027620985397447785	1.6187991455075427e-05	-0.0035685417877120277	0.003064621151119096	-0.001167162961766084	-0.000963703986952206	-0.004063548006445432	-0.003285939576449604	0.0017488042447097265	0.0005511479565810135	-0.004596663958764865	1.111721986378504e-05	0.0009598820266697763	-0.0009166464810552214	-0.0011077812652777925	-0.0004417689471729041	-0.006123012265007201	-0.0014309860877392206	0.009295055281946223	0.006363508061958009	0.0004244552194029207	0.0009844221795102847	-0.006370368788408919	-0.006285297494962029	0.0053432557423848505	0.0015468430732895548	-0.005455834250007386	-0.0008523082036839993	-0.003310213742680329	-0.0017730431165641771	0.0006983676381826251	1.888519333486887e-06	-0.00216121296117472	-0.000860055493984132	0.0020334227128414556	-0.00010004601222212468	-0.0012412152728818457	-0.0006892541107230044	0.0	0.0	0.0	0.0	0.0	0.0	0.0	0.0	0.0	0.0	0.0	0.0	0.0	0.0	0.0	0.0	0.0	0.0	0.0
GB153	-0.0009480534700993269	0.07978544527085141	0.017610054989995533	-0.04050499374926362	0.015432944230338773	-0.010484758144910337	-0.017814774560496488	-0.0026434056076967754	0.016982299357150354	0.007750642073435294	0.0008350390714627181	-0.000876474767510507	-0.003316650016121932	0.007206887073809646	-0.001511302389355625	0.006490758993953177	0.0018143489350481747	0.002185518751894456	0.0019971346780023203	-0.009965254298343143	0.0025172656607621406	-0.001214536812408595	-0.007727853227768575	0.0071110003932685325	-0.0017644337774538014	-0.0017219761268289762	-0.00034155660010297563	0.00013016363289009196	0.0012264823010811941	0.003061711701414809	0.0032914491784155155	-0.00011078331803414489	-0.0022035050509311097	-0.0051605025813274245	0.00035580506741518666	-0.000303590853339628	0.0009060082969873878	-0.00045804675082683217	-0.0011508444786894744	-0.0018949649525514904	0.0019083297904252392	-0.0009941320879444187	0.0010981749238211447	6.4150366537391975e-06	9.113033540242236e-05	-0.0012363791472318625	-0.0014124378733916718	-0.00014509265331837126	0.001379825482236264	-0.00028755310318867035	0.000981652393048821	-0.0003216559562693381	0.00011795957807956296	0.00021299030343961063	0.0	0.0	0.0	0.0	0.0	0.0	0.0	0.0	0.0	0.0	0.0	0.0	0.0	0.0	0.0	0.0	0.0	0.0	0.0
GB157	0.06962045810979865	0.12363896138856373	-0.026472489349760434	0.004034135140744488	0.023597201404709136	0.004748447246052726	0.0044862699538597405	0.0017373098822409156	0.005950406055263936	-0.0055376141261796255	0.002073471353811564	-0.0019065240014721314	0.0009394071868507732	-0.004663763106751165	0.0017432720533013554	0.0027436064191253347	0.002045433404528101	0.002999524345657322	0.0017964286506268157	-0.0017205868715660043	0.004467545891220079	-0.005628261690653776	0.0024130979351915318	-0.00010063682471060816	0.004231158454700334	0.00797948211464344	-0.0037534605578436386	0.0019161564865095284	0.00031790968537098415	-0.002159963052395977	-0.0032463505573590307	-0.0043169839354831475	0.011003163341414372	0.0003950285182035029	0.0035208110437488435	0.0013603496441460079	-0.0007146345538362467	-0.0036113695810641028	0.0028095670984121905	-0.0031187396856963085	0.0017640930645271091	-3.4227493436129165e-05	0.0018431217969440805	0.0020064560344252103	0.0014780438019183133	-0.001454230438489159	-2.5505618771530427e-05	0.005004941036760018	0.0018520338450013802	-0.0023448496294299456	0.0011090998374690515	-0.0006690727790299146	-0.0015015074493777301	0.0005133572369633976	0.0	0.0	0.0	0.0	0.0	0.0	0.0	0.0	0.0	0.0	0.0	0.0	0.0	0.0	0.0	0.0	0.0	0.0	0.0
GB180	0.08959769858720176	-0.1146455827338093	0.0032239198630636757	0.013200967574030963	0.0014711222057526314	-0.00737638726004187	0.007916387931331379	-0.007856146076381399	0.005867978291408606	-0.0012366411462332314	-0.005368735200961117	-9.67473598475297e-06	0.0017690397919686324	-0.003606108602054964	0.0026464190473751395	0.0028803700530800297	0.002110765697547094	0.002018234154249165	-0.004993963635234286	0.0011880091578645832	-0.0048718471983273505	-0.003971289349479424	-0.0027526387097858217	-0.0001992931001353667	0.00015508552498534346	-0.004758093702447011	-0.0005660242132480843	0.001311735707295931	-0.001395689731919098	0.0010462889659314304	0.001602211872928375	-0.00043545487936123216	0.003155969053397517	0.0018803203782621941	-0.002558492586892794	-0.001579203354706635	-0.0008971416029532437	0.0006195114481431661	-0.0029936062954542073	-0.0006279867506369844	-0.0033557630918346353	-0.0060114039898108065	0.0014750867724197853	-0.0003261199410763664	0.0016830419607569893	0.00037781018290881783	0.0006116508326608274	-0.0021370767194373265	-0.0027725495167786225	-0.0075741320057590945	0.0013042228968143824	-0.0037790480558163773	-0.001778229734527526	-0.002082394002897399	0.0	0.0	0.0	0.0	0.0	0.0	0.0	0.0	0.0	0.0	0.0	0.0	0.0	0.0	0.0	0.0	0.0	0.0	0.0
GB181	-0.10826319226016914	0.07906894665483463	0.04628479661098607	-0.02392335962537187	-0.004395621935214306	0.00850863185498544	0.0003997652293328965	0.0283330803175171	0.005325460441024455	-0.009878835283260725	-5.905132860805262e-05	-0.007920463936172337	0.004484008608486136	-0.00325197625458178	-0.001803937389184241	0.00021413783637076064	-0.0038869304354752477	0.0036878337268681782	-0.006809339933890173	0.005110821593439733	0.0023231246066238364	-0.009357282280036731	0.003672981233468753	-0.002196550940796912	-0.0037903909527942127	0.00020410268604809792	-0.003577645753622358	0.0016121347961708088	0.0009615919396747649	0.0008070215453798773	-0.0036609532575259188	-0.002394551307760112	-0.0015166213005155258	0.004014810476978756	-0.002400276452093701	-0.00015568918511025325	0.001341471222049667	0.001350193521738248	-6.568945117387987e-05	0.0007019162422597375	-0.0010707680726110371	0.0014484697891120597	0.0010964216349540132	0.0009161869254678629	5.4475352721921965e-05	0.002765995724732366	-0.0011866260778835448	0.00013124971539533558	-0.0012680300691455865	3.0635244129160018e-06	-0.0019228405362864786	0.0009588776952196142	0.0008112815505410869	0.0003112580663811742	0.0	0.0	0.0	0.0	0.0	0.0	0.0	0.0	0.0	0.0	0.0	0.0	0.0	0.0	0.0	0.0	0.0	0.0	0.0
GB182	0.05108692497791327	0.009102136762908877	0.027476045431542275	-0.02740064287005941	-0.01539537973025939	-0.010141055791983067	-0.007294284824777359	0.009234019037615735	0.02099546353690925	0.026299428284852086	0.0057909570231919425	0.002683962421972415	-0.007737296094174755	0.013934493322999451	0.0017521678910296565	-0.0002463364261854524	0.0001455085956468259	-0.00045720518016598675	-0.003870973501617613	0.004831575386964404	-2.534116592657663e-05	-0.0011655509709398288	0.0018667286525245956	-0.0042428118165948655	-0.00042562546310868167	-0.0003917651086446595	-0.0006537258982538811	-0.001506213474881535	-0.0005186475569712775	-0.0020516408145308273	-0.0012851540824297591	-0.00012241981309136759	0.00047426357518285045	0.0023491023352914153	-0.0003840646069606642	-0.0001698635655172173	0.00042940330746639996	0.00016737288674096052	0.0006058414029367415	0.0015298475789774525	-0.0007168146925366869	0.0011191906425159501	0.0001866666082035251	0.00018734331474417725	5.348019717344769e-05	0.0013515179768485964	0.0011999117607732605	0.0005560650578797215	8.496145324527962e-05	8.237949987912253e-05	-0.0008221086551818111	0.0005635198455797893	-0.00041386103093262854	-0.0005369033120868953	0.0	0.0	0.0	0.0	0.0	0.0	0.0	0.0	0.0	0.0	0.0	0.0	0.0	0.0	0.0	0.0	0.0	0.0	0.0
GB99	0.05744249510702136	0.16922906432715984	-0.046196033618296925	0.03401696078942603	-0.001133109220805549	0.012659988972428874	0.008425820313237145	0.010651042293234875	0.011419396480061125	-0.013799701789540932	0.008065877457685014	-0.010872024216295859	0.0003554389258225457	0.006497433314218918	-0.008374212446895535	0.003154605884651504	0.0034793396487099895	-0.001803295529635432	-0.005138949959119451	-0.0006656313274783226	-0.0019913177287373437	-0.0018866948954381223	-0.001169941002529509	-4.988365732300288e-05	-0.002372659624916031	-0.003822053189276384	-0.00016032133731621362	-0.001403757669934856	-0.0019706563890169128	-0.0008442642765036614	0.0019932011402460847	-0.003466814292570573	-0.00031487969639205357	-0.001968883625884469	0.001963881739454141	-0.0018872800813175999	0.0008496110696946065	0.001195497642341996	-0.002299769253339622	0.0008586215586336475	-0.00012383713704957247	0.0002759001506358335	-0.0007185873141143798	-0.0013860126246026455	7.960159391551118e-05	-0.00020043537432339414	-8.10954526477079e-05	-0.0028274869951939933	0.0025490342555922678	0.0009601297717031038	8.463002639023163e-05	-0.0008056126633163769	-8.86572775412676e-05	-0.0005439512358663476	0.0	0.0	0.0	0.0	0.0	0.0	0.0	0.0	0.0	0.0	0.0	0.0	0.0	0.0	0.0	0.0	0.0	0.0	0.0
GCDF199	0.0918656182190878	-0.042165705365883446	0.022476479274586444	-0.0035396359297550244	-0.01715248349743364	0.0015727465277220268	0.013493641256907645	0.008565716645793872	-0.004103088384857556	0.0036083005713905404	0.0029606224575624723	-0.0008015066152683759	0.00034521254710409625	0.00156168102545861	-0.0032495748604130107	-2.1261901209702952e-05	-0.003891123609264633	-0.0006359892925823881	-0.0021230533293375205	0.005073297220626794	-0.001981983727161912	0.0052923139196427195	-0.0023696808590776184	0.007259814394748314	-0.003027227693895942	0.003237961213175086	0.0026043414522390444	0.0038498934180388068	-0.0011402330478101055	0.003084134139532001	-0.008120302864023014	-0.0013032551780453683	0.000129093200623849	5.133511698212742e-05	0.00372915188350943	-0.0005839514964617987	0.001376162580376127	0.0018738133100497658	0.0029526472292028486	-0.001070011557435982	-0.0003354055152170043	-8.292169666919975e-05	0.0005200624288024822	-2.599603075869223e-05	0.0050205553878299725	-0.0016792006015136232	-0.0037422593474043106	0.0011281871315383908	-0.006050200766766267	0.003785711954488863	0.0013043040331867065	-0.0024720018451714933	-0.0007928653352170127	-0.0008652405239481392	0.0	0.0	0.0	0.0	0.0	0.0	0.0	0.0	0.0	0.0	0.0	0.0	0.0	0.0	0.0	0.0	0.0	0.0	0.0
GCDF203	0.08722804811323279	0.04243093154491958	-0.00533189334009046	-0.01737001926963485	-0.01006962476715844	-0.004891853134222525	-0.005384497827311852	-0.006568562196307152	0.003322212665360216	-0.001600036404350201	-0.00027830139013676215	-0.0036689752269370166	-0.005735585418312277	0.004266469805895619	0.0026643459166821445	-0.005662860383772556	-0.00028309152215471917	-0.0008548816186749462	0.0011499377564867025	-0.0057207007385402615	-0.0024967590353688076	-0.0003115729850892561	0.0030505787405037264	0.001611314694716811	0.002200176244686276	0.004395429691311896	0.00706656650826696	0.0035410361059382356	0.002946227257197051	0.003457447377279278	0.002074403310625235	-0.00037900901157411236	0.002267115585692797	0.0009954962496045694	0.007182244044515996	-0.005212024138493558	-0.0051149699508916706	0.003460984500791188	0.00254063751025488	0.0022406616095641536	-0.005119289870499504	0.000213126076382865	-0.002159974227301654	0.006050560612827788	-0.0038884773776277056	-0.0018073852836086198	0.0013702908536068206	-0.0037178838608268616	-0.0012740864839036763	-0.0018633554578515808	0.0003502723689899466	0.0011439574540750446	0.0008557610121499097	0.0002857205657557583	0.0	0.0	0.0	0.0	0.0	0.0	0.0	0.0	0.0	0.0	0.0	0.0	0.0	0.0	0.0	0.0	0.0	0.0	0.0
GCDF208	-0.008633395065517338	0.15924554456260098	-0.01896270566362868	0.0020970494792757533	0.012241196433278763	-0.018420047524339456	-0.0018219694761739443	-0.002581316283485205	0.01808506743700407	0.030910119644948487	0.0027215387170626474	0.005534919327187178	-0.00090189208092615	0.0069236669512727	-0.000980421750646635	0.00023695729281368445	-0.002846126523921058	-0.0015605315383360524	0.0009696118370487718	0.0018859266215230518	-0.00020005488630234615	-0.0013176445176598462	0.0006398080767560021	-0.0010539112527729888	0.0008424460481391634	-6.598896148330448e-05	-0.0006035867935270468	-0.00030267830070882017	0.00026637309150212004	-0.0008624692510230654	-0.0007513365842602418	-0.0004688637779483812	0.0003530603330990909	0.0006520183766655342	0.0002287458122213767	-0.00015016255080121656	-0.00020864344483376282	-0.0006318804456400334	0.0007055118501500385	0.0010927035422058332	-0.00020444881340006476	0.0005097475325766983	0.0004638833097388984	-0.0005759421830471622	0.0007482706094835731	0.000798644503701247	0.00026400891676881715	-0.0005158470197562132	0.00020731890660852947	0.0004538175968735588	-0.00033796636948409803	-0.00045121449283267335	-0.000276443436293367	-2.0137592668343e-05	0.0	0.0	0.0	0.0	0.0	0.0	0.0	0.0	0.0	0.0	0.0	0.0	0.0	0.0	0.0	0.0	0.0	0.0	0.0
GCDF210	-0.15513272889338092	0.045487599344646044	0.05265580764699745	0.012611285310540121	0.0016859888117961384	0.013472971876436549	0.025774380823315814	0.0101105599660356	0.0017532041722118118	-0.0035728406801277643	0.00038507351828355533	0.0037258394665061296	-0.006419356295043748	0.006053085753891714	-0.011281330721843503	0.005620288367247588	0.004152008664217194	-0.0006373079667894939	0.015768951200895536	0.003862874616887913	-0.006445484344586639	-0.0006822550613320604	0.0001644057285043957	-0.00023948326232217342	-0.00174254752823623	0.0017675599149830988	0.0013597317429211795	-0.001686350117194373	0.00025136739291466484	-0.0004998331696323611	0.0003977959555851136	0.0008464337391766594	-0.0012880297810803506	-0.003000674527412299	-4.536944889753554e-06	-0.0006520795434517417	-0.00029778226486850394	-0.00022752268056049215	-0.0005791609489210057	0.00045936317079357716	-3.0123168387192566e-05	-0.00014578091421956556	-0.0007399029128702421	-0.0018404715565872793	-0.00044388536475252835	-0.0012294366220393887	0.00029512758261241806	8.246502211059565e-06	0.00029537307656412785	-0.0001266307289368821	0.0011671794100021665	-0.001238778930894676	-0.0017766382764191006	0.0013307506949987189	0.0	0.0	0.0	0.0	0.0	0.0	0.0	0.0	0.0	0.0	0.0	0.0	0.0	0.0	0.0	0.0	0.0	0.0	0.0
GCDF213	0.08880624209586645	0.01968528089828137	0.003446694069380467	-0.018771118389849996	-0.012224115552920644	0.0007917805445075554	-0.009465237342690008	0.0009464563669726334	-0.012975915797755902	0.0010920023792834366	0.0021907378383575903	-0.0010976453925557834	0.005840170379457294	0.0003549839563227105	-0.0003311596190044343	0.012900149099805329	-0.0009303919596243019	0.002677956395795584	-0.0015622230584977196	-0.0008204366922515945	0.001550879869371977	0.004920657786991613	-0.006773160506761039	-0.0010157492396453771	0.0013229558767387285	0.00021859435876652692	-0.005983292464191055	0.003506166058755946	-0.0019237220344866185	-0.0012123984505976893	0.0008859649022462461	-0.005080439682687553	0.0038696789832514764	-0.0046012401166346945	-0.007779742010649651	0.001515206005798521	1.6204873862054027e-05	-0.00027405091818177667	-0.0031703933215315875	0.0022912617203735986	-0.006674254863538295	-0.0010727019928380307	-0.002263401070446166	0.00010767258119766298	0.0008527004495093002	-0.0002501283233249242	0.0009102352937465974	-0.003103991260587704	-0.0018790277194014296	0.001970742912843017	0.00016722163935795032	0.0025723898937628983	0.00015466660306334918	0.000632474300147701	0.0	0.0	0.0	0.0	0.0	0.0	0.0	0.0	0.0	0.0	0.0	0.0	0.0	0.0	0.0	0.0	0.0	0.0	0.0
GCDF217	0.08928254237773174	-0.07838778391271638	0.026318826851224924	0.013465753384664967	0.001882518126130189	0.009194929823415136	0.00858394966721383	-0.007187474986225442	0.0059991423928666965	-0.0010873646891999887	-0.0025378434106003876	0.004981692711535635	-0.0022853945545505323	-0.0019113987777365016	-0.0017039503622475157	0.00235134079429646	3.535692921389698e-05	-0.006440730326495156	0.005304166615585858	0.00029606840985011497	0.003907049313893643	-0.0030489079844801606	0.0015313998158009352	0.0012483426686751469	-0.004927530228948313	0.0015692711415319044	0.0007507979728269052	-0.000244799001315126	-0.009863726702860016	0.003891860838650982	-0.0033129222179636656	-0.002721157944108526	-0.0029292658590991745	0.005010327785399522	0.0002286252218049452	-0.0006203335670994432	0.0001886691649892049	-0.0061696168513850945	0.0028287355057286818	-0.003131583656526123	0.0022758294594145767	-0.0035362228260991052	0.0012716070047285805	-0.0031338188041229766	-0.0006796585205014521	-0.0037236547881014342	0.001916316998017643	-0.005500240877622474	-0.0008697788803950438	-0.0010399703104999715	6.642746995686647e-05	0.0034395791421580326	0.0005441076487686032	0.0005437824920623884	0.0	0.0	0.0	0.0	0.0	0.0	0.0	0.0	0.0	0.0	0.0	0.0	0.0	0.0	0.0	0.0	0.0	0.0	0.0
GCDF222	0.08534597804466212	0.04920249897579464	-0.007065951769815841	-0.017954425293885155	-0.002305486429681672	-0.004993424257551029	-0.005194402805904849	-0.009187690109360066	-0.008759491090844354	-0.0006737759132592406	0.0012957013528064577	0.0013239017799558785	0.000601298271289108	0.001959536987930284	-0.0008133466365944903	0.0036754528075638553	0.0021052614476501632	-0.005007979164734462	-0.0010819180535425372	-0.0024538785707533283	0.00285042255173916	-0.002080155440732104	-0.00022602225234588587	-0.003420200772534665	-0.0017435853023937684	0.008057624855676763	0.007526192718483769	0.0017236069415408537	-0.0012693537439485752	0.005750793010796426	-0.00405054109850698	0.0036125111153409357	0.001377123407451705	-0.006143556548874351	-0.0059311406283202	-0.001949837692928733	0.007324161898917134	-0.0018191823373285786	0.0006007227329620211	0.0033432096815957765	0.004750780801779136	5.060262973396683e-05	-0.0010879306634535386	-0.0007111916568671798	-0.002774479758519846	0.004299793598176963	-0.0022701782411186015	-0.0003341661505826386	0.002125008111491233	-0.0012224448865540544	-5.795847051838526e-07	-0.0019709728391342513	-0.00039465177212979466	-0.0011438177437755155	0.0	0.0	0.0	0.0	0.0	0.0	0.0	0.0	0.0	0.0	0.0	0.0	0.0	0.0	0.0	0.0	0.0	0.0	0.0
GCDF225	0.09015546802923272	-0.10776401215839064	0.007132181557139127	0.012035191424689395	-0.0015355163096486138	-0.008933369420590004	0.011427535179274072	-0.008040028168289177	0.002701514485599563	0.0013553145681064421	-0.0009791633620499691	-0.0008611927079111975	0.004449228214161395	-0.0013411711531916945	-0.0009163085319562626	-0.0014759814154502165	0.0028187069566595157	-0.0008860813716030247	-0.005443688853257715	-0.0026143341134537033	0.000817585493233833	-0.0019814824783007065	-0.0028871867359075223	0.005238496871210032	0.0016960960340818357	0.004049884238480506	0.0008709475761900881	-0.005671840931748443	0.0040052258537443585	0.0018814161633755396	-0.003526608646106486	0.008351425089290005	0.002001397885175604	0.007511790954052988	-0.0014863274203887103	0.0038917216293540484	0.0028823013938232495	0.002342399998914545	-0.002205780906216014	0.0012265075734332635	-0.0014625918158808107	0.0015405795466767365	-0.006096307557618712	-0.0005310621050219056	0.0046601707693398504	-0.001128322950156895	0.004845499991478501	-0.0022858335243106298	0.0029988978587035513	0.001781307862742302	0.00017572293462434654	-0.0011987491125445755	-0.0007515170941062117	0.0013642354519556733	0.0	0.0	0.0	0.0	0.0	0.0	0.0	0.0	0.0	0.0	0.0	0.0	0.0	0.0	0.0	0.0	0.0	0.0	0.0
GCDF229	0.08886321314358256	-0.15087173525061154	-0.027038419239388243	0.004618988417771947	-0.0056189039383996026	-0.02364521230146148	0.004931167239210998	0.004276050119902675	-0.004829312070051149	0.004139141333892911	0.0036909433865035895	-0.000539750661501974	0.003004112865181312	0.001903511047303998	-0.00022608767207046428	-0.0029997215148666917	-0.001348356559674517	0.0014578175769109991	0.0015215641607526566	-0.0024078114050505666	0.0028876484236171293	0.002303177834623935	0.005970871892106589	0.003287883042540513	-0.0021895585214711864	0.007194273472986367	0.002005967069243524	0.0017424149424786737	0.0015251434795237246	-0.00929877096406242	0.0027620516032355272	-0.002821252858195883	-0.0046074586265779675	0.002426324096715861	-0.0013796488157016592	-0.006467629104235748	0.0033282447923690746	-0.0024240635886332296	-0.008144078291331958	-0.0019208478647031373	-0.000800207670691382	-0.0006236376340221078	0.0031808826617247305	0.00030221063425362935	-0.0012400890854336924	-0.0022063351741970056	-0.0011890815215951037	-0.0008232657745581053	-0.0010152614499559513	0.0007724932568895186	0.0006451322039090867	-0.001341243199429162	0.0004681499144591123	0.00040112432541037995	0.0	0.0	0.0	0.0	0.0	0.0	0.0	0.0	0.0	0.0	0.0	0.0	0.0	0.0	0.0	0.0	0.0	0.0	0.0
GCDF232	0.08606704987220391	-0.22573355449091922	-0.0881827989030511	-0.03867961690946264	-0.017240466174860126	0.04514505172171857	0.007184144236027292	-0.014405573281052998	0.005618606464428766	0.007201681041797815	-0.0032737491782237936	-0.0037883960536456967	0.006086102323009582	0.002895014779580405	-0.0018549006074046863	0.0014020303173576832	0.0008336504195479465	-0.0005822471304058782	-0.002386273815908422	0.0014942975887467938	-0.0017069160228406742	0.0007381150126940997	0.0011232865076353266	0.0003801118787618353	0.0015274239016753231	0.0006452937154905766	0.00020813462995071202	-0.00041224416467274173	0.00023117070130807766	-0.0004068123944948331	-0.0005718115427834981	-0.00021580206926955135	0.00017205832326181223	-9.701034804609204e-05	0.00023126272268512706	-0.0002353524707038775	2.1987212645655555e-05	-0.0006380074651636767	0.0005794906169589804	0.000412756269543127	0.0005398932229819168	0.00026010989579413664	0.00016113209932317664	-0.00046491578820564365	-7.501593993243863e-05	-0.0002561460537011005	5.343602074464217e-06	-9.70894670208094e-05	0.00022086545609228129	-8.790318507855762e-05	-0.00021710306782383602	0.00011824991626323033	0.00010369840935150263	-3.065904967544007e-05	0.0	0.0	0.0	0.0	0.0	0.0	0.0	0.0	0.0	0.0	0.0	0.0	0.0	0.0	0.0	0.0	0.0	0.0	0.0
GCDF235	0.08999970412477247	-0.09815784180451226	0.01454634774445761	0.013230178702865074	0.0020394851413182	0.0020315631347978115	0.006949493317175493	-0.007554213070193184	0.004345272300794802	-0.0024496901266185386	-0.000915564086233636	0.0020640990181476212	0.0015416307634634236	-0.0038767683752369267	0.0004296143739271917	0.004088146450483747	-0.003009469990476129	0.0015239278145217025	5.0159531240291014e-05	0.0026508956680044663	0.0034650441609150647	0.0006134377975563826	0.011912193147002363	0.00619804328693092	-0.0032692721423670046	-0.0011497463505246448	-0.00493515370628905	0.0008052786105932357	0.0063419923831785074	-0.0033066168755488904	0.004847874570138009	0.0022775805617639413	-0.0006360642838869688	-0.008389782931041883	0.0021743302129109457	-0.00022735404116212227	0.0021871602433182666	0.0005852230584478021	0.004505179463193244	0.0017252576995387227	0.002213650917952088	0.0011628367296681928	4.815443502226678e-06	0.0018794003270276366	0.0018583563008906735	0.003773022965058949	0.0026766768144857564	-0.0033979939922873267	-0.0011314796370039608	0.0010724400482191494	0.0023808414066306166	0.0018932450017681258	-0.0031045976246726506	-0.0008291493854460122	0.0	0.0	0.0	0.0	0.0	0.0	0.0	0.0	0.0	0.0	0.0	0.0	0.0	0.0	0.0	0.0	0.0	0.0	0.0
GCDF236	0.09121097983806482	-0.014358168653626964	0.015656917433574797	-0.014018121669818893	-0.01955623789867107	0.0020990867984420846	0.001550891795919618	0.011910165234472293	-0.009282166659777174	0.002635210706513452	0.0039092030639360726	-0.0015324959696711206	0.008886220291106202	-0.001960707223144452	-0.00012205807290140959	0.0026493018079566276	-0.0016942472541304167	0.006293245081721143	0.00033171067257395457	-0.0010728416214518342	-0.0004697548802021309	-0.007315942811739939	-0.0008928626118200015	-0.0026393394101916177	-0.0015482322529387807	-0.001439242838916733	-0.0019026626028157175	-0.0005280519978430664	-0.0015829540153210193	0.0016209417673443557	0.001255212503902653	0.005757862984886713	-0.00025282155252875606	0.0027702320973737654	0.00019049744998021002	-0.0001388357343160912	-0.002430688011295911	-0.0007374535198588902	-0.0014286377843638189	0.004541053421424637	0.004510869330525516	0.008182526093110857	0.004987217312232457	0.0019452352979748224	-0.0036312277409842014	-0.0026101795182716593	0.0002995901616211464	-0.0031941466365826166	-0.0013671855021169478	-0.0012644802750359525	0.00026829035570519807	-0.0007665797850673769	-0.0003244545396816368	0.00025073914381478206	0.0	0.0	0.0	0.0	0.0	0.0	0.0	0.0	0.0	0.0	0.0	0.0	0.0	0.0	0.0	0.0	0.0	0.0	0.0
GCDF238	0.083025884179494	0.06939683576818056	-0.015174094243733923	-0.014357091248434217	0.003819586100322775	-0.005269147879555239	0.0008741788100833152	-0.011320133509042337	-0.0002865067028092884	0.0024438347570143134	0.004556070677676001	-0.0020199288636945168	-0.003841888522627674	0.0003233399383824481	-0.0014601445871333732	-0.0021130027561641674	-0.001303984619531585	-3.582724830377073e-05	0.0033841270038866516	0.0030079499397682972	-0.0006894763037921663	0.005573319279915015	-0.0015432131220312348	0.000783521615225155	-0.0012482636251334436	-0.0042035452641689085	-0.0077883889791739635	0.002630856355742736	0.003478219339777397	0.002089559134252337	0.001270794865441179	-0.0035733990118171147	0.004554977556127601	0.008026078028777785	0.0007061419439551275	0.0017211705824676012	0.010980622870366833	-0.0017913402971054837	0.0013007502774461746	0.0011064038626033964	-0.0007819443308375064	-5.035432401736495e-06	0.0007280551786499086	0.002755506147433707	-0.0037299000705782455	-0.00047176789229767054	-0.0019430984608831627	-0.0006340770040663474	8.258830131839488e-05	0.0001472337932653523	0.0018069149956041256	-0.00022746182143242407	0.0006610407793072782	0.0007680465247328633	0.0	0.0	0.0	0.0	0.0	0.0	0.0	0.0	0.0	0.0	0.0	0.0	0.0	0.0	0.0	0.0	0.0	0.0	0.0
GCDF239	0.07297104219348279	0.10317699966812832	-0.011433052311330075	-0.016912659052695237	0.02104523966167797	-0.005668711353522343	-0.00393494590841016	-0.0023720802481228273	-0.005268314837177069	-0.02336636428582099	-0.012444860976972016	0.02587671955689227	0.01200108179484596	0.02222563531437042	-0.0009933493269377012	-0.009422383285771212	-0.0006905490902977359	0.0026953016799682664	-0.0029142765544391005	0.009422277274563191	0.0011415571933157329	0.0003967023589829046	-0.002318271188442026	0.0019432024268118873	0.0011329953912270537	-3.772998887037134e-06	-1.0469295862952757e-06	0.0003390897201556826	0.0005128380208733514	-0.001515604190088169	-0.00016105873699938947	0.0002841850774355313	-0.00023330678869681187	-9.116850175164413e-05	0.0005393836816026708	0.0008996556488028002	-0.0004527853077250829	-0.001525014173969992	0.0007907734992543261	0.000722074026188763	-8.545436780056268e-05	-0.00013775027198824599	0.0008922543438057402	-1.9969690788931792e-05	-0.0006738681605367275	-4.2453444793270766e-05	0.0009002132240808917	-0.0011124515815678884	0.0005352439267903401	6.929433412843651e-05	-2.3347690019475747e-05	-0.0005816781844059392	0.0009268730003970666	-0.00025144799594431136	0.0	0.0	0.0	0.0	0.0	0.0	0.0	0.0	0.0	0.0	0.0	0.0	0.0	0.0	0.0	0.0	0.0	0.0	0.0
GCDF240	0.07192078808599778	0.11664474621674695	-0.027587383602899574	-0.0007649147922220305	0.019836291394999084	-0.000151280079090654	0.007413963157890429	-0.00032563553112262354	0.005635031614425675	-0.0030460635389259662	0.006633292292361307	-0.003016016064075507	0.001299873660738431	-0.003260039791437632	-0.0024027870328512256	0.00022397487824914148	-0.009056747450242679	0.005029863504162729	0.001110787892577394	-0.001866320285947794	-0.003699008348356089	0.00211877734952976	0.004248170004667453	0.0069859097571017895	0.003774695226382245	0.0037487307008730194	0.0038659810461932433	0.0004891418092595512	-0.0053038056000380964	0.004915147747766858	0.009823871424174062	-0.002316364961453935	-0.0006177974245958944	0.006061147910016885	-0.003325157323268428	0.004888857408575203	-0.0018453332960154845	0.0027026198014894593	-0.0010181947655678166	0.0013692269649222258	0.0033770215071080964	0.00039820893683187883	-0.0019358487371903587	-0.004338580716174317	-0.002284787996997494	0.0041777545206154116	6.424307487102786e-05	0.0009261824609143666	-0.0024800456390485707	0.0012641803628931124	0.0003460654694812525	-0.0003769262409249782	0.00042461925809507184	-0.0005550090665240454	0.0	0.0	0.0	0.0	0.0	0.0	0.0	0.0	0.0	0.0	0.0	0.0	0.0	0.0	0.0	0.0	0.0	0.0	0.0
GCDF241	0.08813321344330595	-0.12155287579402022	0.008406326045818051	0.02490607399249635	0.016620565144087916	0.008358826299277025	-0.020651879172123758	-0.0015334507050123402	-0.006477953644521161	0.003803553446072629	-0.012515452173817833	-0.019423064991751084	-0.0020350553203636766	0.002201744659081837	0.006454974312375957	-0.005311892219534692	-0.00863305656890603	-0.0029369483456680853	-0.0008160727361598112	0.010560128534841316	0.0032847316623883464	0.0022078222277192865	-0.0075950764033135805	0.004465096790588145	-0.0005732212266515644	0.0012951799741286272	0.0027181216689121223	-0.005100413351510138	-0.0005547154977000317	0.0014343925148789208	0.003582383320009366	0.0013261398410854268	0.0025276347053676106	-0.0031179224735579073	0.0007781198213219262	-0.0005738900901416794	-0.0009197565889378029	-0.001909844024377262	4.7382593304858274e-05	-0.0011061279313716607	0.0008041917274242881	0.0009842998186905111	0.0030715158567464064	0.0015244280623642776	-0.0006565336944201803	-0.0007913386166187792	-0.000875370464785084	-0.00035300874239158	0.00037025877550196163	0.000250430074147524	0.0009790353693572337	-0.0007817962782789601	0.0013203338802721821	0.0007937079161168791	0.0	0.0	0.0	0.0	0.0	0.0	0.0	0.0	0.0	0.0	0.0	0.0	0.0	0.0	0.0	0.0	0.0	0.0	0.0
GCDF243	0.06377320180061873	0.1437713898581053	-0.030145495984595157	0.013692595597489155	0.0063602008600881004	-0.005643363256648043	0.009895890912156603	0.006844383652859585	-0.022124263582178182	0.012790399418222374	-0.039016298105453845	-0.003888627171727306	-0.007385026011090132	-0.0008891324486114362	-0.01837265250487725	-0.0011381249713209459	-0.003486108796866493	0.005140852744878567	-0.0014020877147028715	-0.0069260487722121325	-0.0009178550232332114	0.0005796468290432552	0.002720558508205649	-0.001741163703178492	-9.257684419632815e-05	-0.00022132839833278195	-0.0009123665593750886	-6.182094188279035e-05	0.0009314528280020259	-0.00023524062109076175	-0.0013429090549721273	-0.0009431631280107439	0.00014910770568426774	0.0009458008740349531	0.0002735223543856804	5.7972854620245184e-05	0.0007196806281435165	0.0008390574027549704	0.0007625792265981534	-0.00010619341686041736	0.00025447239937791426	-1.68617856118079e-05	-0.0009378225649949329	-0.0003765481967803984	-0.000365125139681151	-0.0004376412688356248	0.0002175912942946305	0.00012103056458400303	0.0001793028366641786	-0.0004965045919159357	-9.330144024616005e-05	0.00043883911718905865	-0.0006193122808662475	-0.00014624845710279512	0.0	0.0	0.0	0.0	0.0	0.0	0.0	0.0	0.0	0.0	0.0	0.0	0.0	0.0	0.0	0.0	0.0	0.0	0.0
GCDF245	0.087973505446093	-0.14442801432329755	-0.01450861409186671	0.014988465320399966	0.010115014225511962	6.098291149943015e-06	-0.018519079332425782	0.008911921337389484	-0.00485906531032384	-0.0038089712005326785	0.0035436220069312886	-0.004043434265284702	-0.0028053058285580643	0.0049191591009789815	0.0045015320715408305	0.009158582069045514	-0.0013571366433728915	-0.0006562853857398492	0.002210868046717999	-0.0027287006555074323	-0.0006257969929555096	0.0019573061350559723	0.0032803182577590237	-7.041970731676805e-05	0.00741559356733399	-0.0027828937869066625	-0.001070094524678462	0.009589108309943714	0.00041815893769411736	-0.00483798406234767	-0.005026489752841933	0.0014190205136166288	-0.0026822983900663226	0.0037797550125048575	-0.0026456638001677636	-0.0012468188616903742	-0.0036066432071832945	-0.0035831418502189874	0.0027492526028906595	0.002663655646351244	0.004509973363418569	-0.0006353644190655709	-0.0045386572947737885	0.0004182428654817454	0.0013653492624777683	-0.0020785882505866254	-0.001120975455528943	-0.0015690884180476696	0.002772015630766995	0.00047855476350764655	0.0010952204560970217	-0.001651501474860665	0.00050582044321328	-0.00024718449694599175	0.0	0.0	0.0	0.0	0.0	0.0	0.0	0.0	0.0	0.0	0.0	0.0	0.0	0.0	0.0	0.0	0.0	0.0	0.0
GCDF248	0.08867291845431577	-0.1408520680590952	-0.016573290351031347	0.008468102477468254	0.001725843759338779	-0.012599155108048274	-0.0004973426798816462	0.005030606813396374	-0.002784520743695022	-0.0032374929896383554	0.0025872878444113574	0.000719824966015848	-0.00010206413723575418	0.0010038501965001806	-3.0422373277157323e-05	0.01136912326058363	-0.0022913550314232253	0.0019434782204410244	-0.0012282464179705125	-0.0011117943656526136	0.002605622178275228	0.005459653090313211	0.0003224642300514742	-0.0007597410165879501	-0.007202863796448383	0.0037762707376002677	0.0013512506978911017	0.0016238041535224109	-0.005124900173441517	0.000493280300633897	0.0003710517122637889	0.0034073573875791417	0.00024725661809749713	-0.0010021302708905732	0.009116018249151285	0.005536137657561184	0.0007732604223508628	-0.0016664114987629737	-0.0006641560686574702	0.003287861489606179	-0.0068848619490310395	0.003751126438365254	0.0024491553985151533	-0.00371870617054587	0.0014896814551808065	0.0012873442196560975	-0.00031853799102940186	0.0023064670852724406	0.0031597952082860945	-0.002960355657233793	-0.0006407803030026351	0.001483291933347686	0.0012396328504056778	-0.00043085292098975057	0.0	0.0	0.0	0.0	0.0	0.0	0.0	0.0	0.0	0.0	0.0	0.0	0.0	0.0	0.0	0.0	0.0	0.0	0.0
GCDF249	0.08588124717584031	-0.18060407817473076	-0.04485159257387749	0.007832991161192166	0.008871800662309474	0.011736026294584307	-0.03401198182858464	0.010123543503870559	0.0009449361476609925	4.211163596596134e-05	0.0029086303236895857	0.010718979854869321	-0.004851230697400136	-0.006001620884462825	-0.005534778541128823	-0.01199359698545126	0.002086594235715831	-0.0012083168046648463	0.0021677464572640763	-0.003349152387946668	0.00014749345778278892	-0.00461035504637724	-0.0023343328758265646	4.756381964418383e-05	-0.006054516605627227	-5.46047312560468e-05	0.00037819544746599444	0.0029503833855052297	-0.0007874198229545721	0.0002074202655862617	0.0023059794291988055	-0.0003788972440407554	0.0010116332921960836	-0.0001003904077248213	-0.001294864033152074	0.00205582942557087	0.0016524166354477247	0.0009886229560906923	-0.0013903290395323622	-0.0032220396920994844	-0.0029084484919336415	0.0005116686566694553	-0.001143813085991451	0.0012595922084522747	0.000631848434595953	0.00268597618639458	0.001343896542968703	-0.0008344726113751497	3.663483050371588e-05	0.00020742967518722972	-0.0007132024281430465	-0.0010829052912706188	-0.0017343215018231907	0.0005269508251683326	0.0	0.0	0.0	0.0	0.0	0.0	0.0	0.0	0.0	0.0	0.0	0.0	0.0	0.0	0.0	0.0	0.0	0.0	0.0
GCDF251	0.08866930320126737	-0.10051864205349348	0.0230692750738643	0.02306776420941079	0.01436699442054159	0.016365255917570393	-0.018772681706870863	-0.00725545927352371	-0.005480741229181999	0.0004307181355275602	0.004298027131437902	-0.005446573364340125	0.016019874133850077	0.012478150642431667	0.0027512020668660434	-0.00850839098108054	-0.001502115936609967	0.0013876030735956143	0.00532413016479057	-0.009964826767476183	-0.0021051862610501756	0.00015149520619769824	0.005135421376485402	-0.007506059960132127	0.0014513379956827203	-0.003117748788173991	-0.0012608765757116359	-0.0007652308633954242	0.0006862326180450166	0.0035353492428534276	-0.0024209551363398685	-0.0004664716402318066	-0.0015994557101292365	0.0003994256469684449	0.0028179629212675716	-0.0011402480212957108	0.003861974248001426	0.0027222062942007163	-0.0015428283127552553	0.001502071498078146	-0.0013079181344068122	-0.00017933430969297947	-6.400588675940121e-05	-0.002784334219775758	0.0012639365334696057	-0.001255581936878207	-0.001356067845905166	0.0033339043134782563	-0.0025795450157969444	0.00022488000548144418	-0.00026370725865968966	0.0011686497687582625	-0.0012624482960883398	-0.0003939506070402843	0.0	0.0	0.0	0.0	0.0	0.0	0.0	0.0	0.0	0.0	0.0	0.0	0.0	0.0	0.0	0.0	0.0	0.0	0.0
GCDF262	0.08510384955719985	0.05593662795011624	-0.009725341460673583	-0.016013329838762275	-0.0020780826098535186	-0.004566295301718307	-0.003500516049768543	-0.009792936134379412	0.0011453606638493585	-0.0020501404538814994	0.0006169695856336817	-0.001088935778723198	-0.003636554181896088	0.0043814059046454685	-0.00024260369765565485	-0.0039106346013304686	0.0025830530359352366	-0.0024084048019937685	0.0007864345228646704	-0.005449265878864735	0.002644046621058369	0.0005677381031345041	0.007529092348674493	0.004213511830120275	-0.0017923505957236987	-0.005185781402022963	0.00036955760108512136	-0.007510224206030456	-0.00268962342097485	-0.00457871201515466	-0.0011882271924113265	0.0023654168559710622	0.002073013254277699	-0.0018643393384877504	-0.008099442968876693	0.005491265980730171	-0.004163123502595311	-0.0013533361854123082	0.001485903702635779	-0.00325637616772075	-0.0028325875182038922	0.006152835012664382	3.0224684315117346e-05	-0.0007194522442172277	0.0008371791599170034	-0.004287798870783953	-0.004181953325477114	0.0009097519678467777	-0.0020967128256160375	-0.0015558274210642823	0.0013155704506427456	-0.0006405137310954314	-0.00010698335605070142	-0.0002623063421126734	0.0	0.0	0.0	0.0	0.0	0.0	0.0	0.0	0.0	0.0	0.0	0.0	0.0	0.0	0.0	0.0	0.0	0.0	0.0
GCDF263	0.08610684391645347	0.04938598947198421	-0.007674664719831477	-0.018831271292933115	-0.003721080483534542	-0.008259126854455144	-0.003987442203610696	-0.008989441834409905	-0.011666252493398078	-0.0005202005311316681	0.0038027218723980017	-0.0004705970377741603	0.0010204894383206648	-0.0007040267327717384	-0.00206053024021536	0.00033225043423198096	0.000542876560899562	-0.005400151763143104	0.0004575790691750854	-0.0017567121070022167	-0.004675840827644297	-0.004577131005257145	-0.007904808113969845	0.0023749209068043447	0.003038091454386488	0.0023017358007174325	-0.0018455623202111085	0.0023848565772273235	0.006114451195212547	-0.004081307677753028	0.006320464048881502	9.917333085754055e-05	-0.002989716979660452	0.0035774140497726115	0.0012623611761255085	-0.0033101144324127092	-0.0016198781942364162	-0.0013172544717468477	0.004385865682317526	-0.003114113426380492	0.0014909704977977359	0.0024210780010872324	0.0031887077319076767	-0.004827738421948182	0.006333895056235586	0.0022624988763263127	-0.0017638042922793274	-0.0003031988591123776	-0.0002996265715613904	-0.0010868515002682476	-0.0039189938083994645	0.0017716293117648256	-0.0005518082743033594	-5.5094446442492314e-05	0.0	0.0	0.0	0.0	0.0	0.0	0.0	0.0	0.0	0.0	0.0	0.0	0.0	0.0	0.0	0.0	0.0	0.0	0.0
GCDF265	0.07251085737342718	0.11460473223110133	-0.026376569020143507	0.0005558747200342055	0.016014665363015365	-0.00043814149303818934	0.009801313291769835	-0.0008496992244660517	-0.0028382075063186287	0.0006540127381532399	0.00508744067056932	0.00040519097582295634	0.0039004708244478464	-0.0067417374710609145	0.004111139830652161	0.0001870279577688309	-0.0045940896346716	6.071371122835804e-05	-0.0077713850289476355	-0.002682139160500929	0.004999801790889738	-0.007799718657620911	-0.003114992756295317	0.00416922780711303	-0.0050600049122246	-0.0022003338364397058	0.0017766569867862837	-0.0014460745744938825	0.0056893089054224355	0.0013398355061118243	-0.004173340618372068	-0.0020433760376079146	-0.006250957882250877	-0.0013790187789757425	2.4202140121246433e-05	-0.003756166083106321	-0.003182758455862515	-0.0035822655602146054	0.001449038811990674	0.001310646475458373	-0.005280832698792894	-0.0015286868636646227	-0.0034247608516293345	-0.0027904318257375954	-0.004844012462037776	-0.0015043094046953856	-0.0009532036546525332	0.0025470419849943585	0.0006037650241805657	0.001906652880371566	0.0010482057688943679	4.157809766382031e-05	-0.001623787838328656	0.00030369941879469846	0.0	0.0	0.0	0.0	0.0	0.0	0.0	0.0	0.0	0.0	0.0	0.0	0.0	0.0	0.0	0.0	0.0	0.0	0.0
GCDF266	0.09053167876262093	-0.031849985828030114	0.025283093857177943	-0.0026358308214366787	-0.009900315293001638	0.015679247893096715	-0.0007187601736965383	0.011854464686711379	0.002571817538669938	-0.0023299740968881063	-0.0045841403335630864	0.00323303200445763	-0.0007608021178097589	-0.0050777604061751054	0.0003863989257654695	0.0011762139013859808	0.0010989584367324065	-0.0075729836061087675	0.005028892993394854	0.0030695336291718133	0.0030274213563337353	-0.0004053065847453892	-0.003609695752776788	0.005545532837823382	0.0014224339153205874	-0.003779059233417254	0.003930449687431333	-0.002167085776665046	-0.0019394616117899294	-0.009205185680493248	-0.0009148203305662832	-0.004460809982839307	-0.0002748850731063793	0.0011997411447692366	0.002046767300324408	0.0010563065092519142	0.0019418113933203844	0.0021471068109972903	0.0007803367849473833	0.006771786824752499	-4.5320985721417156e-05	0.001607232993609937	-0.004019891219659632	0.0011296307190881976	-0.002024055418767469	0.0023903293017731257	-0.0008217227509550909	0.0018987103843961619	-0.0017696799734313589	-0.00364717359038951	-0.0020421242062271046	-0.0010467541001645095	-0.0012891557862420825	0.0008320226314600162	0.0	0.0	0.0	0.0	0.0	0.0	0.0	0.0	0.0	0.0	0.0	0.0	0.0	0.0	0.0	0.0	0.0	0.0	0.0
GCDF269	0.08954536731651948	-0.12535430913796444	-0.004471044054020518	0.01032078705688676	-0.00044772621651328594	-0.011757793713292525	0.006584824377882179	-0.0024969955892164865	-0.003012444433836062	-0.0006910833538180551	0.0006663735323918713	-0.0010491512632134412	0.005321862794616249	0.005503100047439602	0.0011279006874328232	0.004210387063032287	-0.0008097917798552882	-0.0017801780991707065	0.002964387713278275	0.000541570674998104	0.0016071587855588073	0.0038254145962764987	-0.0039070662620665384	-0.005028146071459876	-0.005008233383989053	0.0024891669549447965	0.0008209736139793168	-0.0028103058048963405	-0.0019194594943860836	0.0031758167152366326	0.0007901816181111309	-0.009961000754973076	-0.0025820989991468214	0.0010479932817022723	-0.0045639545230995605	-0.0026275767391664376	-0.0031051381115058253	0.0030338606800792813	0.0035663100093566843	-0.004534656273996295	0.0020193144545032375	0.005585441151540603	-0.0035938729054128186	0.005281450805738723	0.0007055452769361268	0.0011091403665431437	0.004786250227318277	0.0029594817433451033	0.0005215160741993566	-0.000497874599282922	-0.0004696851792186478	1.7224435249833096e-05	-0.0008652924449708396	-0.0006351717953466137	0.0	0.0	0.0	0.0	0.0	0.0	0.0	0.0	0.0	0.0	0.0	0.0	0.0	0.0	0.0	0.0	0.0	0.0	0.0
GCDF272	0.09040332135360657	-0.08759174317327129	0.01999617895286263	0.00958563731612758	-0.0029731006833609275	0.0013312519308693687	0.013083491065163318	-0.008324481507562629	-0.007094789632179441	0.002809937508143931	0.005528030158998744	-0.00188310203896687	0.0033879636516494873	0.0062649144312665606	-0.007139687168068556	0.008536711789060064	-0.0002232368676228531	0.0005320992368691425	0.005846875485424749	0.003565606120945989	0.008720267534395608	-0.0022484368384618585	-0.0008725959400247614	-0.0007746863794650698	0.005580028789073062	-0.006361891219450549	0.009297830171632009	0.0021623201237880247	0.004011709699494153	-0.0018827181612906078	-0.001081885020160936	0.001283662318651386	0.0045486393748934	0.0021312231376289332	0.0004244509601014747	0.0025907692536311032	-0.002351096043670771	0.004212623167633015	-0.0031365009065503734	-0.004751006658823395	-0.0011127805116911754	-0.002314235049444769	0.0026377361210243415	-0.0002865512551088539	-0.003670847766920857	0.0024246383497695217	-0.0020092321824200007	-7.073907856882621e-05	0.001677967835452115	0.0018374055299187895	-0.001862980772420136	0.001696356063620453	-0.0013313785055827987	-6.215083994868841e-05	0.0	0.0	0.0	0.0	0.0	0.0	0.0	0.0	0.0	0.0	0.0	0.0	0.0	0.0	0.0	0.0	0.0	0.0	0.0
GCDF274	0.09049891914418928	-0.048707322903582144	0.029826363603325284	0.002498355506942087	-0.005526663334031031	0.016848761811959843	0.005867521076447834	0.0064477304022015885	-0.0035113474837314526	-0.00020568610995047484	0.00400380150811707	0.004634558773820221	-0.0025030059701880974	-0.0018451044961361276	-0.0051391661553649845	0.005501199672584951	-0.001806593645990827	-0.006020551213522965	0.0007984008921805749	0.0014482215613787282	-0.0006467560119784046	-0.0010695144444348471	0.003167684084108457	-0.0030076791368125874	0.004717931739027098	-0.0012063498034836423	-0.003558898926756367	0.00037831125852731576	0.0047610722711200065	0.003689105648661431	0.0020850224082044878	0.0007226644350352067	0.0006612854821948205	-0.0012301330705323185	-0.0005681550012681219	-0.003167925597327704	-0.000988321207546823	-0.0017836589981204073	8.483079012267958e-05	-0.004480172594398956	-0.004292313734458942	0.003364188005178533	0.002409263280545136	-0.0028310468932341583	-0.002062215669270879	0.0012332262481661686	0.004482056021090803	0.0014480802656216545	0.0005383795092126841	0.0010811354983001466	0.0028991479283004143	-0.00415513180321274	0.0036150095817035323	-2.0916005622730777e-05	0.0	0.0	0.0	0.0	0.0	0.0	0.0	0.0	0.0	0.0	0.0	0.0	0.0	0.0	0.0	0.0	0.0	0.0	0.0
GCDF277	0.08760581435640402	-0.17038008698177953	-0.0451841727347628	-0.0005975928432515844	-0.007174126799865032	-0.02396593677199838	0.000641713300304536	0.009527961935542674	-0.003739425163201282	0.0035021893576165693	0.0050566906303028125	0.004147838335890485	-0.0003021808400396416	-0.003487607877148997	-0.006366513075202639	-0.004228115218359029	-0.0021976708825638277	0.00011241662053880776	0.001178264756024448	0.0022861791438388936	0.0018829606361782057	-0.0029787212346462596	-0.0021761850059836955	0.0002634569538685517	0.0010100848218089166	-0.00844340245337233	-5.824309139110842e-07	0.0029948264093020345	0.0015765120401748781	0.007095100384730785	-0.0017520432745629724	0.0007138002392871296	0.0007676398913830266	-0.0019404890889786366	-5.947714982717271e-05	0.002097344967670011	-0.0038538073921506894	0.0013398534503911708	0.001850686047716655	0.0021032286869804564	0.0038083235191123752	-0.0015351193581480812	9.090168953103525e-05	0.0008862283363280987	0.0020045978429422155	0.0003218496013707294	-0.0012176221724260873	0.0011455285930712007	-0.0005799894746013162	-0.0010613617933063443	0.0029683319851731386	0.002203999987225381	0.0018151898905251877	0.0004560483375778408	0.0	0.0	0.0	0.0	0.0	0.0	0.0	0.0	0.0	0.0	0.0	0.0	0.0	0.0	0.0	0.0	0.0	0.0	0.0
GCDF280	0.07747278501873577	0.09621778142588103	-0.02242970011136645	-0.007811978021527125	0.014534786987798583	-0.006590195660164872	0.009137109860334322	-0.008102457101288287	-0.00473238370146448	0.0038710261544793677	0.005726414113396263	-0.00017101234982875942	0.0007631548096460153	-0.007245130464873475	-0.00010614423150941325	-0.006020623955479565	-0.004415072023437249	-0.002199620393934428	-0.0009148463604665608	-0.00287092344160413	-0.002511776162768697	-0.0009197674085491414	0.002387999376899651	0.0013460990802964443	0.006165748516539745	-0.002430068861707734	-0.00036503056553254405	-0.0001775669065510634	-0.007363239804605237	-0.0017672789636383156	-0.008345978662292095	-0.0029714912644928713	-0.0012814484147088642	-0.0057931982369312995	0.002498990539505967	0.0012110750352525882	-4.329324231302636e-05	0.001640085107741902	-0.004399652270685258	-0.0016908420881982678	0.00037843267851579726	0.00126848668262596	0.004358446783704539	0.003773757396441334	0.002129054977104376	0.002467302328993019	0.0027971882551616296	-0.00340301766784889	0.0013608880756886045	0.0015766664339923323	-0.0032588251947103606	-0.0009383413648746887	0.0004935506661413099	0.00019978628754258496	0.0	0.0	0.0	0.0	0.0	0.0	0.0	0.0	0.0	0.0	0.0	0.0	0.0	0.0	0.0	0.0	0.0	0.0	0.0
GCDF285	0.08756240003796362	-0.1560624459040258	-0.029755995854941743	0.006629013029114779	0.004100275148283565	-0.011057588704064383	-0.008452328288761109	0.010762648674252058	0.0024948876275073576	-0.007925187703129888	-0.0006938866962727998	0.007117980798146752	-0.007975353873167813	-0.0028328141021682378	0.0012161960431203713	0.007947051432314382	0.0006627558991665226	-0.00441340013452766	-0.0015836253256015802	0.002021980276673159	-0.0011867362221901667	-0.000466498230046485	0.0011779323431011593	-0.00044508553035552817	0.007587876029120866	0.005090645684134174	-0.00488128467467531	-0.014041850373464294	0.002471292581967562	0.00305581103067145	-0.0014165339561822785	-0.0005983117235080816	0.0015955266376398414	-0.00021575627635678492	-0.00019371418242907404	-0.0024955408140151566	0.0006137677537263361	0.003461469635379774	-0.0006314312836797283	0.0019603577299933278	0.0009757761227246689	-0.0028807126210019436	0.002218183567541257	-0.0003624677694387223	-0.0025463644374378275	-0.0022273824241490527	-0.0023060093144549616	-9.208786003478907e-05	-0.0017277772629867257	0.0015473108916367018	-0.0018554781976588097	0.00186460146762596	-0.0006288272056485065	-0.0008631583971206833	0.0	0.0	0.0	0.0	0.0	0.0	0.0	0.0	0.0	0.0	0.0	0.0	0.0	0.0	0.0	0.0	0.0	0.0	0.0

Biplot	0	0

Site constraints	0	0
