Eigvals	73
0.26702689371385274	0.11168049553904126	0.08198300152878836	0.04857280485102704	0.038004517824160866	0.029493999542244877	0.026079555923999968	0.02484535410146124	0.01748132034431441	0.015479357207969915	0.015092498429059267	0.011439590232971118	0.01087891515200742	0.008416593658799699	0.007828570626387917	0.0073183790952819384	0.006456622471615003	0.00602602363347823	0.00552205994285589	0.005132208397273869	0.004756589042689042	0.004346069289516353	0.003754887036541022	0.003648791440130004	0.003332742927604538	0.0030848758414420453	0.002879896623747307	0.0026990664813807096	0.002612778950865549	0.002339521169430179	0.00210368409886515	0.0019363733854975106	0.0018043671307158352	0.0016092174000045395	0.001547176921605397	0.001487820959165817	0.0013863099097082346	0.0012815589499317673	0.0011453992349055413	0.0010622932752987618	0.0009930037211421522	0.0009463627837245081	0.0007755813639743307	0.00068389110161007	0.0006255040050130965	0.000536925492269559	0.00047843672573759724	0.0004303753034442942	0.0003678852044086828	0.00023052555159643398	0.00019008026656549756	0.00012560082599854736	3.4295868863745e-05	8.032726167072702e-07	0.0	0.0	0.0	0.0	0.0	0.0	0.0	0.0	0.0	0.0	0.0	0.0	0.0	0.0	0.0	0.0	0.0	0.0	0.0

Proportion explained	73
0.3337846795069361	0.13960106374386827	0.10247907807978092	0.060716199310346566	0.047505798480908176	0.036867616769476017	0.03259954866232993	0.031056791473893248	0.021851719979703154	0.019349258094476268	0.018865683081723025	0.01429953330354325	0.013598687221696758	0.01052077555885835	0.009785744428898121	0.009148002985222226	0.008070803777145884	0.007532553516340467	0.00690259689804654	0.00641528091504738	0.005945755227417383	0.005432603902701568	0.004693623734467966	0.004561003816853608	0.0041659419187999895	0.003856107074959414	0.0035998822373326136	0.003373843839942916	0.0032659840835046316	0.0029244107695562556	0.002629613493073842	0.002420474435719795	0.0022554660920567435	0.002011528152265792	0.0019339773074392565	0.001859782118242502	0.001732892902559527	0.0016019537860879856	0.0014317536005947337	0.001327870820449783	0.0012412586020860168	0.00118295724475332	0.0009694797906129197	0.0008548665978685294	0.000781882494829659	0.0006711590014912466	0.0005980478106291478	0.0005379708415504882	0.00045985796913955397	0.00028815785663982953	0.00023760108943987675	0.0001570015322001878	4.286997252555452e-05	1.0040939666985485e-06	0.0	0.0	0.0	0.0	0.0	0.0	0.0	0.0	0.0	0.0	0.0	0.0	0.0	0.0	0.0	0.0	0.0	0.0	0.0

Species	0	0

Site	73	73
GA1	0.0031647138571225977	0.00978159656083024	0.02151635846878672	-0.004342459948347478	0.003295171221848736	0.0037836512012186956	0.0010987912661780518	0.002954584053963981	0.004090228738151832	-0.004547610548994878	-0.00555782174609751	0.0007548461232663833	-0.0011655368165994974	-0.0009870750738223538	0.0009623170678430776	0.000890104242037661	-0.0026550092754975083	0.004331578671710036	-0.00634178391356167	0.0008233998785895683	-0.0019309836170827265	-0.0008344328608502467	0.0050447271951984595	-0.0030354553399466323	-0.001191282402225123	-0.002412477032399262	-0.0011711646634757608	0.004119537795898198	-0.004694851643075103	0.00512865899425747	-0.0008333428657892525	0.0022761401884630237	-0.00012825454182084848	0.007777579165778598	-0.0009775274049508478	-0.0025318757782834553	1.5381242503815457e-05	0.0018337850644916723	-0.002386630861794902	-0.005127825522575658	0.014501367569112265	-0.002129178923656837	-0.00687075338810144	0.0002526427732435617	-0.006612880443054264	0.007931811039310689	0.0012011027204355585	0.0017958776425310262	-0.002407379273923198	0.00033186763720033477	0.0005866223716019977	0.002259192009423515	7.759758036722147e-05	3.2678948791736916e-05	0.0	0.0	0.0	0.0	0.0	0.0	0.0	0.0	0.0	0.0	0.0	0.0	0.0	0.0	0.0	0.0	0.0	0.0	0.0
GA15	-0.014438308818634804	-0.004253214726284622	-0.004487081597413339	-0.00034226130870691816	-0.025986985236864702	0.0006820628667738071	-0.0015906516420061355	-0.0036426858670331338	0.0033942907407826834	-0.00022267432609832411	0.0007895715789122983	0.000579193720451102	-0.0008561345423638074	-0.0018911450584682098	-0.00033223290231093134	0.0006752189700405838	0.003216873186730383	0.0033408329904038346	0.0023345698596643092	0.004254832266832247	9.647973329039302e-05	-0.0033558371203604824	0.0026524224990160253	0.00025180666242586474	0.0012543557507187619	0.002584280436061827	0.003983737580419695	-0.00164271646906771	-0.0024499131983377327	0.00010220343783816459	0.0007761168397633841	-0.0009006526273977045	-0.003922527691500327	-0.0025603402018736857	-0.002149567882843741	-0.0010797222070009528	0.00036477194859261793	0.0008668596475856631	0.0015918004057425186	0.0039021591005872864	-0.00048592538449283455	0.004038017153750309	-0.0030015859288187677	0.002697091863361261	-0.0016738696286715139	0.0049141099398777085	-0.0015936308883889587	0.0022756560535443808	0.0027668891854948073	-0.0001973923103789515	0.0013751601219444411	-0.001411650242098258	-0.00026287724523208216	7.754067678262626e-05	-0.0	0.0	0.0	0.0	0.0	0.0	0.0	0.0	0.0	0.0	0.0	0.0	0.0	0.0	0.0	0.0	0.0	0.0	0.0
GA22	-0.011812524329872941	0.007424812963952133	-0.012850416048898838	-0.015089631004431794	-0.038572435874278325	0.005595706828547888	-0.0015338155579978756	-0.004494155648104294	0.003862608879213509	-0.007620314711650079	0.003114543806906248	-0.0020681470502325228	-0.0006875446460496673	0.002433247618597447	0.00589128510700914	0.0023198751829944285	0.0005317739888273834	-0.007073870598062415	-0.0062221521217484055	-0.0015571141368812141	0.008188078234250174	0.012911013958946262	-0.012345193648842652	0.01261543984343022	-0.0030961706632211716	0.009678294166080313	-0.015409180967388447	0.0025601594665905876	-0.013890540534555462	-0.008311156504388715	0.010941364137565033	-0.011625797240052641	-0.004754292310994353	0.009790103392236403	-0.004810436075355684	0.002194501556019437	0.0025293013369478592	0.0003112932448287082	0.0024662850749067994	0.00276771207189858	0.0018136800435766974	0.0036471655040269065	0.004464630686917175	0.00333482960868112	0.001476255801213164	0.0003399617897867247	-0.006010291619999825	0.0011084597622991077	-0.0028437826684731353	-0.0016680571402821018	-0.0014729891008577686	-0.001597935895718909	-0.00015123851392531316	1.094095234961441e-05	0.0	0.0	0.0	0.0	0.0	0.0	0.0	0.0	0.0	0.0	0.0	0.0	0.0	0.0	0.0	0.0	0.0	0.0	0.0
GA24	-0.000749707322349877	-0.003861663520421907	0.016549849889231597	0.0037840730764677464	0.005872685155864386	-0.0017063463946984433	0.0028428204634641592	-0.0007691713849358014	0.00353790687439173	-0.002326780228551848	-0.0012257406179101188	0.0019332480407530394	0.00030751003192839156	0.0005788142930866849	-0.0008564995768737577	-0.0013461171705205293	-0.00044778306294487	0.0006482994549641209	-0.0004021296067614672	0.0017822519562541717	-0.002586739009949584	-0.0008127258599522899	-0.0016724948932638197	-0.00020038164149650023	0.00011867806245518499	0.0009628960184896127	0.0027702838403472663	0.00013308105555673901	0.00042551687928328363	6.571922587468736e-05	-0.0008061039695224393	-0.0002781038454235979	-0.002037171625540532	0.0018450490334692429	0.0027796673182596747	0.0001490522470353102	-0.00043725002656819955	-0.0007039984940270045	-0.0001196366449461369	0.0015868586187799806	-0.00017951555274904013	-0.0009956145832184372	-0.0010918733825960195	0.0016705361366157146	0.0007801273712911847	0.0002972460816864818	-0.002116641976346351	-0.0012937653854784108	0.0019496667344591542	-0.00034744730971839304	0.0016077507770018702	0.0003318344479302987	-0.0006760036501036962	-2.006323656729556e-06	0.0	0.0	0.0	0.0	0.0	0.0	0.0	0.0	0.0	0.0	0.0	0.0	0.0	0.0	0.0	0.0	0.0	0.0	0.0
GA30	-0.00909502982032796	-0.004815474104778563	0.001896515831864542	0.0014298647983091953	-0.026178872950183344	-0.0006802923914183945	-0.0018702946708494608	-0.004871939272816575	0.006178457034481497	-0.0003508919042630618	0.0028630498278296966	0.0013088987631415766	-0.0008968076589379292	-0.0006931411347310603	0.0003289626111801103	-0.001212297687511281	0.0018341066692181605	0.0005261141833935925	-0.0010609203547670993	0.0014851575408264851	-0.001391453190960562	-0.0006974619156163696	0.0005177676009437916	-0.0008161398267246731	0.0017672968080659807	0.0020684115450260725	0.0014459624523680543	0.0007102653592421383	0.0013035954902070616	-0.0010542686342748027	0.0009077816246771097	0.001553526700712275	-8.517941057875432e-05	0.0025670833973171743	0.0006078685138360342	0.0014671546674322512	-0.0017360894689575541	-0.0010949070526503138	-0.0010987019949776319	-0.0012377958260791698	-5.767295295819069e-05	0.0021733955054603227	0.0005464187395275105	0.00011508060900042157	0.001004445368019618	0.0004052598065908423	0.00027994988333215524	0.0011770964051205928	-5.231017032355323e-05	0.0017306934085142653	-3.6605174225018255e-05	-0.00068059854206234	-0.000320843921105136	0.00042932969987848497	-0.0	0.0	0.0	0.0	0.0	0.0	0.0	0.0	0.0	0.0	0.0	0.0	0.0	0.0	0.0	0.0	0.0	0.0	0.0
GA34	0.006735220899073755	-0.053394875656109765	0.025369733467813533	-0.015247930610479993	0.010401861227011122	-0.010558440434676726	-0.003067349209328901	0.00064274027596345	-0.018104844871378135	0.022961741926506515	-0.014479699235682285	-0.02002971647643543	0.0010285120634173702	0.00721313011089055	0.040995251192019216	0.003662845103337861	0.02206820042725994	-0.026238880230430806	-0.0231919035346837	-0.01789021411833622	-0.0095251218631234	-0.001718650394312899	0.006876724600671002	-0.011762046985051242	-0.006450769250958219	0.011434423599327165	0.003596069952491354	-0.005014581880276455	-0.007266240321409339	0.008106218744966762	0.0017678506891008043	0.0022757395129731563	0.005008337844312949	0.001074231464219552	0.003701278826324285	0.002310937484663246	-0.0002634179706811968	0.0009761885583752119	0.002748772518866321	0.0006427059584295851	-0.0006740425905895071	0.0003546832177442941	-0.00015366525767226066	0.0008029324890416404	0.0005416932360518412	0.0006295402743609095	0.00035774115388328645	0.0016032541973201805	0.001216754458218513	0.00048369540822350304	0.0002907602631395476	-6.437500632620156e-05	-0.0002822079341503351	-9.491151087682275e-06	0.0	0.0	0.0	0.0	0.0	0.0	0.0	0.0	0.0	0.0	0.0	0.0	0.0	0.0	0.0	0.0	0.0	0.0	0.0
GA36	-0.01878789056012621	-0.007443564292225259	-0.011398917731523569	0.0025519579532377965	-0.038684698527501726	-0.0042533925909961036	-0.004411507983101942	0.003974640743918294	0.003722544966134708	1.2539217374170165e-05	-0.005161369824721855	0.0027441455909639045	-0.0026854348730401293	-0.005383125558488476	-0.0006478959136814137	0.005389662634631443	-0.0022958698461445787	-0.00861524854835935	0.009940089734477969	-0.003537484742240046	-0.0008117725764023413	0.004767077746378348	-0.007063289718704802	0.0005601856594033071	-0.0027235767320247994	-0.011293933479939561	-0.007723502986302698	-0.014282377893423943	0.008216606215592299	0.008791413979667281	-0.0006863822040958941	0.0007919290024954164	-0.005737480366518111	-0.005712896553895032	0.007396339514868986	-0.004142017732146677	0.010911463754256603	-0.0059444859439502715	-0.004515610636392986	-0.0024675282020617667	0.007151003755703459	-0.004751709727224496	0.0005409088818634562	-0.0012504067797175257	0.004005217635850253	-0.0015333983800610365	-0.0016249905812999682	0.0064425275636742375	0.0019102780343023	0.0012169590311907421	-0.0007617097346003056	0.0013588921056136602	0.00015071818614990044	-1.5952967752536367e-05	-0.0	0.0	0.0	0.0	0.0	0.0	0.0	0.0	0.0	0.0	0.0	0.0	0.0	0.0	0.0	0.0	0.0	0.0	0.0
GA38	-0.027064056790631074	-0.008566844065889985	-0.02812164073328339	-0.010356966906395952	-0.027776117961057042	0.004402547838669358	-0.0031507249943334074	0.00040505107127752324	-0.003837572199606996	-0.0038799379119351714	-0.0016903636461411554	-0.0031721048878620532	-0.00132172073706518	-0.0036479653185085884	-0.0009650070639307256	0.0004242131255548333	-0.0025119588606639432	0.0009440268458220264	0.0074693638763929145	-0.0029218299574307396	-0.0029292841290793734	0.005225781184223079	0.003284325216381053	-0.0030772380572629938	-0.0004940796080560066	-0.0019790157370456877	-0.00028218072518029373	-0.015745084310119176	0.011477758786107914	-0.004305134263849156	-0.003211803664423374	-0.009901600814221043	0.009080143750690741	0.011023061701219802	-0.006490285058785855	0.0035095503292578044	0.0036012303827430217	0.011231967730425526	-0.005618445094232601	0.009454727124786066	-0.000879361013953832	0.004174698713743852	-0.005799843897517352	-0.0008968970505558564	-0.0009711781534907459	0.001277089795309186	0.0024613202905743826	-0.0016227074414145821	0.002871211026453939	0.0017603989964117806	-0.0008260934379415403	0.0009628812646892607	-0.0005716242050622586	-7.786976621671754e-05	0.0	0.0	0.0	0.0	0.0	0.0	0.0	0.0	0.0	0.0	0.0	0.0	0.0	0.0	0.0	0.0	0.0	0.0	0.0
GA44	-0.008799518927922998	-0.0036343044581946937	0.007022048014590911	0.001109835794116887	0.011366960649628924	-0.0011370517441141319	0.004082524944146908	0.0006932228321210529	0.002763226343102099	-0.0020197501297365603	-0.0006376968431000497	0.0029443070878439038	0.0004726324069599638	0.003354148878508181	-0.000621259228819626	0.00043559472587824833	-0.0025209979679202705	-0.0005637496343611917	-0.0031573056863094516	0.0032751976822878413	-0.00021566148134361635	-0.003947460029152339	-0.0010268438127851794	-0.0014372216770043324	-0.0016152818517398335	0.00036684879956824345	0.003368549345522456	0.0027367163220532184	-0.005844546580596643	0.0019075649444860645	-0.0006094214996627836	0.0023644160017887482	-0.0006644586105808242	0.003315990119721945	0.0021100917472719957	-0.0017220720800648558	-0.00023535828628596438	-0.0033238305209124593	0.006710079725469487	0.0018531159368760004	-0.0022653039312318796	0.0013384587834149003	-0.001695656454893575	0.004824920291878402	0.0020957122980216443	-0.0003190745072889779	0.0069366243577427215	-0.003535881603192081	-0.0050968561997806	0.0028374619828749844	-0.0022776891426917684	0.0016904459118664578	0.0018359235206934811	-7.198974062952596e-05	0.0	0.0	0.0	0.0	0.0	0.0	0.0	0.0	0.0	0.0	0.0	0.0	0.0	0.0	0.0	0.0	0.0	0.0	0.0
GA46	-0.021355827514121913	-0.0016640618562408567	-0.008451324880835324	-0.0031859265189489033	0.021249376048993133	0.0017677410553113976	0.0040279305179400995	0.0029294158253893956	-0.00048084606574360923	-0.0032450721705923288	-0.0051773665071528615	-0.0037664195991736235	0.0006578871699240476	0.001905289383672917	-0.0035198883079043727	-0.0036560942573699755	-0.0015617128661645542	0.0006354236857926915	-0.001742974176550263	-0.004433614749827264	-0.0005589471036323067	0.0019158852203307922	0.001892976645368542	-0.00595109313623028	0.0023167981308491754	0.0013653272652757837	-0.005743365848415539	-0.005121446248244427	0.006044139887451298	-0.0017450530048189776	0.0012798542741516224	-0.011662003404655098	0.006449477852686163	0.008022656205619141	0.004293813816435953	0.0049982952271509715	0.0028219893958842663	-0.004357721503207924	-0.003638082933995536	0.0039815156872948804	-0.0027508124284260265	-0.0023240422837731253	0.004057464816136256	-0.005893419079365747	-0.00588790551639756	0.00042109735205474023	0.006555569978023799	-0.001820347151810075	-0.0002434507565346465	-0.001955700537873821	0.001051221198429775	-0.0005130468375270637	0.0006973850210272975	7.470309671050279e-05	-0.0	0.0	0.0	0.0	0.0	0.0	0.0	0.0	0.0	0.0	0.0	0.0	0.0	0.0	0.0	0.0	0.0	0.0	0.0
GA5	-0.006613318550031936	-0.0031394459639260165	0.00877351083678324	0.002960480891909578	0.010196345688316913	-0.0021580198448925897	0.001613476030081432	-0.0035628935642664727	0.004888557613881987	-0.0037951888591809843	-0.00347374260484017	0.0014931151868263694	-0.001319657126379918	0.004473014913863238	0.0014313872577957647	-0.003842821650059548	-9.15712956588297e-05	0.003467941930693719	0.0024837525703692346	-6.295031194250434e-05	-0.0026039992968847066	-0.0001804365282145132	0.0014292334846607827	0.0011017141787329143	0.0005986820259582698	-0.0028682948273511663	-0.002719558245480466	0.001561591923103006	-0.0007326800919140366	-0.0038987529396220313	0.00015218251435947908	-0.00346262886140194	0.002582657582668355	0.0010481297696258867	-0.0007931425864880857	0.000496076200198666	-0.001287431390124157	-0.0013606132471489921	0.0004284545141830974	-0.003106148791082626	-0.0007640803188599495	-0.001029165946553725	-0.00028149880906175177	-0.0023723472220764956	0.0033586433596586147	-0.00019287590156775696	0.004856959826359885	0.005818747014076786	-0.009239939706414624	0.0018183820074428928	0.0056979242696107955	-0.0012533204497500777	-0.001991094339996397	3.598080111824871e-06	0.0	0.0	0.0	0.0	0.0	0.0	0.0	0.0	0.0	0.0	0.0	0.0	0.0	0.0	0.0	0.0	0.0	0.0	0.0
GA50	-0.006761938948868382	0.005185638428114108	-0.0072378557264024205	-0.004538846019238893	-0.03699348746672637	-0.01777805246145007	-0.009320353729557368	-0.002000118839263156	-0.0002813901353601768	-0.006791048091299376	0.012520885019344367	0.00846753527086069	-0.0012212081582301639	-0.004163030240806911	0.00013544222161475017	0.005194079312018327	-0.004513438989302904	0.0031751758222646432	0.0005495081751579452	-0.009057402988478439	-0.0018282046165152424	-0.0015354131597416735	-0.0010508551679884162	-0.00283157256134152	0.002645183258798594	0.001091899329589721	0.009955790644133076	-0.004110055766845625	0.008194900192333633	0.003171981070895953	0.011258412678456786	-0.0027596159023764374	0.0024270126692485195	-0.00985943821736353	0.005974359411349187	0.0029876788098956207	-0.0059103746311398265	-0.002318286331072009	0.004847091092537837	0.0011479748750019621	0.0017065499362008748	0.001360184251630116	0.0022309977129337947	-4.570213207623176e-05	0.00021141408946708534	-0.0015792354348241069	0.00291848906666079	-0.0015583640685805707	0.0026353830363848437	0.003164696921123574	0.000150074201067302	0.0005347303840769434	0.0003567473047951738	8.856638339745063e-05	-0.0	0.0	0.0	0.0	0.0	0.0	0.0	0.0	0.0	0.0	0.0	0.0	0.0	0.0	0.0	0.0	0.0	0.0	0.0
GA57	0.002202465370652337	0.0047699565465749725	0.015244259240679344	0.051564365021824425	0.00770037280761584	0.021129291346574184	-0.010435532773006576	-0.024234919091873693	-0.023007187651435838	0.015142076102397367	0.01375906684478688	0.004738872190207876	0.0011343536276986492	0.008922127047963035	0.018381359080343794	0.006712906014223713	-0.016710658559902412	-0.004311217621556248	0.01682199051001605	0.003300017342589495	-0.002282826446989013	-0.013521818136531173	0.021837776082911698	0.007788255513026197	-0.01779375556270013	-0.0005130754771290964	-0.01874120690527758	0.004899204099782528	0.012792080155937732	-0.003395797553249485	0.011809528955811227	-0.0009609986520097436	-0.0021854122029425454	0.0014912058146796488	0.003638782096435396	-0.0013366249538365178	-0.005328334233973598	-0.004497740347990901	-0.0015145521323657921	-0.0012514245751424876	-0.00041493062146902396	0.002142804224203382	-0.002354864992484066	0.0015911510445588781	0.0007389101830970845	0.0021390360505952033	-0.00031814311742595433	-0.0015495345669560867	0.0006098198715997853	0.00018083634962122797	9.006259329030173e-07	0.0001788614901383405	3.341760836269598e-06	-1.1228674337598078e-05	0.0	0.0	0.0	0.0	0.0	0.0	0.0	0.0	0.0	0.0	0.0	0.0	0.0	0.0	0.0	0.0	0.0	0.0	0.0
GA6	-0.002115047369631191	-0.001649337485687894	0.01696025536623847	0.015111970093635326	0.005993540640461809	0.003706636188174398	-0.0005628368214292881	-0.005026271122135928	-0.0016804309269947725	0.0016139082918911482	0.0025032436727691508	0.001854390937387963	0.0019013521149758076	-0.0005906774627227434	0.001390764896960491	0.0003504175604604281	-0.0015550231442132288	-0.000809347395909686	-0.0008106359226690088	0.0017953980701621945	-0.0005588687339272601	-0.0024024719897798017	0.002161658540124296	0.0017846924336572464	-0.0019164589560993765	0.0015742812761679738	0.0010192395866018302	-0.0012606865766955294	0.0008320059234279725	-0.0023467024803161636	-0.002433087499856066	0.000633872741037154	0.0008803497402846632	0.00014705788900487677	6.935200109661341e-05	-9.110532667987388e-05	0.00016983640872897791	0.0005107458757821738	-1.6954047705575835e-05	0.0015360309788137265	0.0007444802327146847	-0.0008579390678852703	-0.003182352313166204	0.0027511685233112195	-0.006657025686429847	-0.011900117120062377	0.002358033345701223	0.009001868599287179	0.0009938016464647967	-0.001178097887648373	-0.004469798170391746	-0.0021423782047244465	-1.4182816442499356e-05	0.00010207474498972483	-0.0	0.0	0.0	0.0	0.0	0.0	0.0	0.0	0.0	0.0	0.0	0.0	0.0	0.0	0.0	0.0	0.0	0.0	0.0
GA66	-0.014840092127387275	0.009674653488237801	-0.009422206812613916	-0.010685232398077137	0.027051599826732452	0.010050835088961823	-0.00670324655197618	0.011425489873351005	0.004044424825337331	-0.005287244531521038	-0.013602077060548425	-0.002547447206408657	-0.014389701176281338	0.006762520386914982	-0.002136214175418391	-0.004839844518656143	0.020455581851713516	0.008383014116938403	0.014910143344669249	0.010794950646076332	0.023472632720452094	0.014169953815771246	0.028596899609005237	-0.01881065941446809	0.006879572104334824	-0.0009031037667291401	-0.0003789202360685547	-0.003983287771476695	-0.006220322125492869	-0.006729521073656511	0.00453973122070416	0.008038146802980779	-0.004808272401663777	-2.663818721284625e-06	0.0013993889781124236	0.0032544024615096504	0.0006895277766775705	-0.005212737385454922	0.00014725948846485576	0.00719537763927643	0.0010261968679544065	-0.0018519580653205184	0.0019644495891425746	0.002772691130043986	0.0021439572886885997	-0.001960668223704609	-0.0018693294031630232	-0.0005480041508417969	7.542993857096728e-05	-0.0008239808009250349	-6.46260587578883e-06	0.00150467970387663	-0.000201609485116243	3.515447258753093e-05	-0.0	0.0	0.0	0.0	0.0	0.0	0.0	0.0	0.0	0.0	0.0	0.0	0.0	0.0	0.0	0.0	0.0	0.0	0.0
GA68	-0.020154046579939165	-0.0014927599151088725	-0.012609840163315887	0.013166659339597651	-0.031873520491304964	0.011674073704645915	-0.006996007499594513	-0.005331372517698507	-0.004966953417654625	-0.002694346688443356	0.010823256874083987	0.009977928459675881	0.004061698538041777	-0.0009569044184080488	0.010007337391535335	0.006594153128493353	0.000600874942729364	-0.008094401924357125	-0.0016658209331785459	0.0031018012450440475	0.0040372899025660006	4.19915819932243e-05	-0.0017256405062545538	0.008079847037417843	-0.001693945772064244	-0.006611940315173638	0.009750910545359117	0.0005065895770216378	0.0014563547947170465	0.013380448743103556	0.00023657728342799656	0.004682111615515853	-0.003799838038520499	0.0028164203081284226	0.0013979540608566043	-0.005697768998395364	0.0050517760483759075	-0.0004244422478073023	-0.00032659955692817687	0.001762534900930087	-0.002224845460006599	0.006854671942536193	0.0013471364317870307	-0.001430908934344242	0.0005078166418757183	-0.003411848463221014	-0.0015732573231139854	-0.007648980504066921	-0.0029781237480054623	-0.0023299496833876945	0.0020573996371414326	-0.0001187087189860953	-0.00030393113164377717	0.00010711960044514836	-0.0	0.0	0.0	0.0	0.0	0.0	0.0	0.0	0.0	0.0	0.0	0.0	0.0	0.0	0.0	0.0	0.0	0.0	0.0
GA69	-0.033002407341947315	-0.003428904519205933	-0.030845784288586527	-0.01081974367775501	-0.02253092553532496	0.001754649821250047	-0.0027205812050464765	-0.00043259153803025703	0.006567834728903488	-0.005904145250795829	0.0021706835802644342	0.0072976537598623565	-0.0023540253316765014	0.006749021408311909	0.005396658286243213	0.0019286166426471362	-0.0036494626374587824	-0.008821697079551714	0.0014473450913619409	0.0002848499012007286	-0.005376866562333343	0.003279798227996816	0.010612480804639928	0.00045378591464024853	0.0019472525807273722	-0.004850680738984904	0.002011385045750831	0.006948220577417636	-0.0069866794929135945	-6.58716509712573e-06	-0.0072877882595508816	-0.0022931709540196473	-0.010276429865531166	-0.0013828210659297382	-0.007205243849013508	-0.007536228303265992	0.003507885611601357	0.004257999312449971	0.0056833252222713475	0.00036527602117508793	-0.0004580101819032556	0.007017879792809446	-0.004527799520430757	-0.0025615592198613376	0.007937823091358686	-0.0014769442111198213	0.004180456410338298	0.002710201587389442	0.0016687822675693859	0.0012605549570286966	-0.0008022825471199452	0.001307138601860882	6.184888012927387e-05	4.0128516246023644e-05	-0.0	0.0	0.0	0.0	0.0	0.0	0.0	0.0	0.0	0.0	0.0	0.0	0.0	0.0	0.0	0.0	0.0	0.0	0.0
GA7	0.0014666300722306629	0.018056019787700016	0.01723160333638532	0.001955495498826321	-0.006030446315752187	-0.019511950818232458	0.030927012108993956	-0.02314930156686385	-0.04329576500861418	0.024140609924137323	0.016960090915240332	-0.016361907769489554	-0.021061123515931524	-0.00807281102936316	-0.006640388500130774	-0.05730280877967477	0.0022977791179683185	-0.011951452093931041	0.012028375474334736	0.01180181824190665	2.7482611404428593e-05	0.0021708187542713196	-0.005159673689142168	0.006062542456940165	-0.0032590326485389632	0.004458817562961739	0.009983290999976082	-0.0023178907928540805	0.0012659479599423829	0.00047871113825774747	-0.0032790662767731697	-0.0010570554883218132	-0.004117970592404525	0.001380240139408455	5.652289018728927e-05	-2.1894946180513467e-05	0.0008857961484830261	-0.0018178277154704049	0.00031707429111075126	-0.0003086964164634966	0.0009994594903650349	0.0017045731853076102	-0.00028337581139713014	0.0006652049967114566	-0.0009392934927059015	-0.0005915767042614511	0.0010115559900626125	0.0004763424412719855	-0.001267678642798918	-0.0006682944579739917	0.00023898241971147835	0.0006871025550681624	0.00011930805087536575	-1.6600759776183442e-05	0.0	0.0	0.0	0.0	0.0	0.0	0.0	0.0	0.0	0.0	0.0	0.0	0.0	0.0	0.0	0.0	0.0	0.0	0.0
GA70	-0.009744689792589292	-0.004681217010801844	0.0013343239912106013	0.0011734336480095954	-0.026088554641866293	-0.0006997078634218276	-0.001910723798797108	-0.004668871908163373	0.006107777421213187	-0.00016955667065590406	0.002489988475183422	0.0012454200610175507	-0.0009849601688809852	-0.00034421244879455636	0.0006923614482131529	-0.0005033627667595346	0.0022952395748734714	-0.0005851901183671157	0.00031591845717229616	0.002451879886094771	-0.0017186858549711756	-0.00037119923757337266	0.0006446867446468453	-0.0009204309656257501	0.0031561031673190605	0.000956726251458284	0.0012342389608545317	0.0011599599509563119	0.0005675583883856347	-0.0008492146397077235	0.002172774456224239	0.002660680759411409	-0.0003566651457776237	0.0016880466636905074	-0.00014342327692366596	0.0020687104517415557	-0.0025533784536613028	-0.00025758102617714243	-0.0020229261265834993	9.91483299560297e-05	-0.000275445335694834	0.0008713674037831303	0.001695078172543212	0.001221476965493636	-0.0001047439899772202	-0.0008651328663282187	0.0012547231033534717	7.234605712508908e-05	-0.0006727032401637048	0.0011383458644741676	-8.087438801592226e-05	2.7814513314512713e-05	-0.0009761697647902507	-0.000537549780084859	0.0	0.0	0.0	0.0	0.0	0.0	0.0	0.0	0.0	0.0	0.0	0.0	0.0	0.0	0.0	0.0	0.0	0.0	0.0
GA73	-0.048629107349100156	-0.0037044989435120117	-0.05954047336641443	-0.019553496646022878	-0.023232572297816636	0.00474578431834873	-0.003994872993523379	0.003539457552939905	-0.004882888993723661	-0.011338491459749377	0.0019822825921741163	-0.0040573074341072575	-0.008776342393031	0.009195605818719093	0.007980172401515445	0.0022519251937283278	-0.0006192442335217612	-0.0036430733463171266	0.006402286069770405	0.0017524542366861289	0.005433943195419659	0.013230731180647793	0.0001373404064012205	0.003737352253052927	0.0037887791964818615	-0.0011318785595791814	0.010830292741811303	0.0031850913473032393	0.0036824610146181692	-0.00267395808183475	0.0054738623028789315	0.012532399552749636	0.00925953609967673	0.00025496730923532337	0.0032809856009432736	0.0035589674384964146	-0.0057867522474807035	0.00465087885362643	-0.007577194933292576	-0.008759094606890885	-0.0019523205308340464	0.002300168090217322	0.0007168992526908368	-0.00399520922582471	-0.0027068495028077593	-0.0013883225878486695	-0.004077552064854169	0.0001400422677290361	-0.002803998019068974	0.004224355191522871	-0.0005972305898614826	-0.00017203898035925426	-0.0005319767086146575	-1.827208022869476e-05	0.0	0.0	0.0	0.0	0.0	0.0	0.0	0.0	0.0	0.0	0.0	0.0	0.0	0.0	0.0	0.0	0.0	0.0	0.0
GA75	-0.007067259742203422	-0.004869607046380435	0.011806148621637142	0.007018046192060689	0.005605935127015557	-0.009381387252214862	0.00033840332736102477	0.013999142183590219	0.004765706668098786	0.007141362783080329	-0.004700587585808876	-0.005057565859194763	-0.006606211432383415	-0.006665187421230877	0.0012559225116841187	0.000567492406477381	-0.0024704413611693924	0.005816689888288467	0.011863040109749486	0.00643934812260995	0.00279044689738981	-0.005678492404517626	-0.001218054121264165	0.00039237822370826814	-0.0010128578521899452	-0.012352592306065703	-0.013177671264074813	0.007444729559665155	0.0012616893785772942	0.022014215964269727	-0.0010129841659349693	0.007631988800621757	0.0039725590262326	0.0032450835035744805	-0.008674078219900083	0.00962078441934835	-0.005399647359450266	0.009300008759370398	0.008366499469453425	0.002210255875899167	-0.0065720636877470515	0.001400958996470478	0.00443442961935355	0.0021755207984199255	-0.003398202872790718	-0.0020680337872147686	-0.0003720063240970299	0.0031005894535592877	-0.00023122961682134823	-6.515715358416577e-05	-0.00024275456400522948	0.0003819568847977601	6.231702541695933e-05	8.81226885322566e-06	-0.0	0.0	0.0	0.0	0.0	0.0	0.0	0.0	0.0	0.0	0.0	0.0	0.0	0.0	0.0	0.0	0.0	0.0	0.0
GA76	-0.002547525551832296	0.0034322748067916018	0.012367752140260046	0.006598902433245821	0.005926145934125488	-0.009929871808123807	-0.0012942109569792474	-0.0029581307950773857	-0.004641140326599276	0.031414872442554774	-0.002895034336284542	-0.01045550912089024	0.016460260285586056	-0.0026841942748042392	-0.011168314372096144	-0.005386960935544625	0.015764329978416945	-0.007930198967851347	-0.0015896914356586665	0.004541087473041882	-0.012240945916102716	-0.007080720304873699	-0.00910739457809986	-0.0024364187483570682	0.014306030933533637	-0.019523353943796735	-0.007704420033102706	0.00995936423481133	-0.005364455588406972	-0.00998373794335862	0.019645516661058692	0.0061806814059533555	0.0065536425528306365	-0.0012240905119499156	-0.004138195956551075	-0.007400308633684245	0.004089096180219468	0.0013946866676931122	-0.00148741633764193	0.006048861009629414	0.0038079023497921203	-0.0020407928115125287	-0.0017790591042624153	-0.0014821647337418245	0.0005481763063216067	-0.001804007837001175	0.0009083470171132483	-0.0014589292156328097	0.0018507934268369782	0.002264495234329088	0.0013262191780621735	-0.0010425081945310232	0.00021821798616857992	4.7078006943379105e-05	-0.0	0.0	0.0	0.0	0.0	0.0	0.0	0.0	0.0	0.0	0.0	0.0	0.0	0.0	0.0	0.0	0.0	0.0	0.0
GA80	-0.017651247176747334	-0.005887413176373734	-0.0059395338268778165	0.006749682283210161	-0.053034359853120654	-0.0064839892364151625	-0.007903104571937457	-0.005927096535344649	0.01255779310282816	0.0116073832530148	0.0022366521309049076	-0.004688359286653382	-0.008175630185646708	-0.010886748861734793	0.006342800052642656	0.003701473569498436	-0.004020338471180285	-0.006010525185996306	0.013985944423012743	-0.008926022850755094	0.011792047591696615	-0.016552520972485475	-0.007053344547176295	-0.013137453317671046	-0.005383408898625864	-0.0033570379092815717	-0.004586070505757535	0.01891048490202902	-0.010819829776274638	-0.010937145748198367	-0.02068996644341876	-0.0013499891085918402	0.008029917836207285	-0.0039101540405999825	0.008563221097410326	0.0002037831598894365	-0.0006536775276141346	0.0005083473797444928	-0.0028471294574224618	0.004652684739659048	0.0006736648917388625	-0.0016365358920989621	-0.001781717470633494	-0.0006870386350786233	-0.0017719643838319946	-0.0006263272978651736	-0.0012793450017423206	-0.0019083702368917544	-0.0005929692157245303	-0.0007918947061041779	0.00010537258555601758	0.0007430234811631048	-0.00013660675172771697	1.8866878135138648e-08	0.0	0.0	0.0	0.0	0.0	0.0	0.0	0.0	0.0	0.0	0.0	0.0	0.0	0.0	0.0	0.0	0.0	0.0	0.0
GB104	-0.013100327564980196	-0.0015744557508755848	0.010013105641284058	0.009913720647425154	0.007031833000279161	-0.003181494536905561	0.000666512400919168	-0.010108070894135344	0.005021642561116191	0.020188321123441537	-0.010700856555289406	-0.014630912491446461	0.006795610783892219	0.002478443234328399	-0.0070951842470798505	-0.0017548859131287717	-0.00809309779472983	0.0009579344868036736	0.0028112734585639654	-0.026027169335752533	0.01572677351878541	-0.010342243516450161	0.01400095409092904	0.024817752736844802	0.034271055194826455	0.004297539199211805	-0.0035438318256718914	-0.00558910254684925	-0.0030588609699798083	0.005701871345283777	-0.00536267770044804	-0.002338856101045118	1.4144976569428541e-05	0.002645592763853338	0.004551246568178919	-0.0009227579361424521	-0.0018556852750278318	0.0005309732502804103	0.0014572508329733517	-0.0020204314794433527	0.00332399427649992	0.0006497965606970289	0.0002583370288281726	0.0005373035077458503	-8.212888442161064e-05	-0.0003629547480403558	-0.0008668562350969623	-0.0006770254924440987	-0.00015145849650082278	0.00033286053125984594	-0.00016034513884102217	0.0003104394827533728	3.771881269855239e-05	-9.484465316167344e-06	0.0	0.0	0.0	0.0	0.0	0.0	0.0	0.0	0.0	0.0	0.0	0.0	0.0	0.0	0.0	0.0	0.0	0.0	0.0
GB114	-0.04984444790288982	-0.0040946099218460855	-0.056195148610603554	-0.01979580014923302	-0.019187382171181894	0.006039635318711562	0.0003053720288818162	0.007523144471436505	-0.0016058854337743834	-0.007122728237799371	0.0019075945208142282	0.0032573237485637625	-0.004249971383973116	0.00404250694152418	-6.811237190763591e-05	0.006126370582828152	0.0004450846381273771	-0.005831629441684365	0.001312220676087092	0.009111322498888996	0.007792225773069309	0.0008882936072411461	0.0017619419700467909	-0.0033444803712353722	-0.004782071223166232	0.0011406812236353372	-0.0014804274879370368	-0.0030139341689485472	-0.005904406349611629	0.004295884300223973	0.00023430328911470505	-0.007422773585225862	0.0012684715633516808	0.0006123900697525929	-0.002135992239120313	-0.0002624844254379404	-0.005151223480866693	-0.0007732032461517881	-4.640508356881575e-05	-4.972580125048642e-05	0.007974095854583103	-0.0038041828770022045	-0.0005523401276431173	0.0005673675553524816	0.002389325449367978	-0.001454525565606157	0.002307305204665488	-0.000113184652817924	-0.0024354660896722335	0.001638975807875913	-0.0010412685818542557	-0.0008793392517305963	0.0009346480209681774	-4.827401779766214e-06	-0.0	0.0	0.0	0.0	0.0	0.0	0.0	0.0	0.0	0.0	0.0	0.0	0.0	0.0	0.0	0.0	0.0	0.0	0.0
GB117	-0.009677486679126162	-0.004748653957134471	0.0011898519641978021	0.001367894580926171	-0.025958216342454724	-0.0012641399292336992	-0.0021657154039620265	-0.005226942767283137	0.006107615253011966	-0.0007430265624784832	0.0021741938436971677	0.0027282690005013556	-0.0008640291445968256	-0.0002775498662960245	0.00024406862468931266	-0.0012941785324617364	0.0018293290603243336	-0.0006561258921987626	-0.0012206662425067738	0.0011084061089311737	-0.0015952857403225152	-0.0007049677135381498	-0.0004559030495801655	-0.0012767944629148195	0.0021504673276614306	0.001376908138315164	0.0006106708630749377	0.0015882917294326533	0.002339482247747292	8.770667420431845e-05	-0.00016350500965507366	0.0002663632352748018	-0.0020161683550264336	0.0017518488865253883	-0.00040775560786198074	0.001173932499542006	-0.00102048869074549	-0.0016366236064284925	-0.001466357554138235	-0.0015774666060854902	-0.0001633378400305788	0.00038355615756948514	-0.00018114738151288795	0.0019565118558189936	0.0009605867681780578	0.0007319225252728874	-0.0001653114845654107	0.0009082072283109276	0.00044071266488121096	0.0017432563095767328	-0.00042502538090082595	-0.0015168263673853222	0.0005368390018071134	-0.00033130091988348707	0.0	0.0	0.0	0.0	0.0	0.0	0.0	0.0	0.0	0.0	0.0	0.0	0.0	0.0	0.0	0.0	0.0	0.0	0.0
GB127	-0.018086815297255594	-0.0022815207688655272	-0.0033252578886020017	-0.001522647962834353	0.015924989514308888	0.00012441649668156805	0.003325331464103632	0.002810022645386673	-0.0013018835047869815	-0.003685288784532923	-0.0026026973218331055	-0.0006438908597666863	-0.0005086858167383451	0.0031862106786111513	0.00013011993962219601	-0.0009329278129882644	0.0003651953723187524	-0.00234041808154513	0.002261707916663137	0.0023696942933866204	0.0025004751862244467	0.005466966853227758	-0.004923769014726771	0.000636549939444611	-0.002487617082162908	-0.002921754868534389	-0.002884927382673209	-0.0023620578068661853	0.0016263634398648366	0.0018103436065436862	-0.004147347865678936	0.011254292486256543	0.0018722360636172595	-0.000392811783110229	0.0026193305214522707	0.0011967283011126526	-0.008523659707527526	-0.00467406840680301	0.006931265035850138	0.00012799912809005693	0.011056988171572713	0.004174457957158383	-0.002715842357691758	-0.009261023951218993	0.0009143723154523913	0.0014844993256394076	0.001463560684245639	-0.0017612905112371479	0.0022847053538441867	-0.004937563788193083	-0.00165204068617487	-0.0043435332746431105	-0.0004056470125906133	-0.00010847768663048226	0.0	0.0	0.0	0.0	0.0	0.0	0.0	0.0	0.0	0.0	0.0	0.0	0.0	0.0	0.0	0.0	0.0	0.0	0.0
GB129	-0.03568741363541673	-0.0010260991368863253	-0.026805535687519196	-0.011561904470225792	0.025634969042649797	0.006628948128566373	0.005090613491933298	0.009733810793070665	-0.006471577869976502	-0.0015233524974749937	-0.005339836308796364	-0.0004527891449055813	0.0006655873548071174	0.00023374690781919396	-5.6835550384953854e-05	0.0021550616384946944	-0.0015185757094322925	-0.004426535202659506	0.0004703127030870629	-0.0034228400295707585	-0.0045967099855768875	0.005622118787090395	0.00047840642240957684	0.010727835135820079	-0.003460789037378388	-0.005510338344862903	0.001326837747105974	-0.001696361411947829	-0.005564682180389645	0.005344398075232234	0.0018715970006124968	0.002164106388798305	-0.007758218747662246	-0.0134974149701332	0.0018619660846249688	-0.0021521178428932563	0.001149955263576541	0.006801461358804442	-0.0064421210985525935	0.007228684310157581	-0.0038873233024945765	-0.003765970911147333	-0.004565091290471563	0.0056299252683682435	-0.006586437047928979	0.005296094666172515	-0.0006948241168570037	0.0008041966824249602	-0.0022509726234389966	-0.0007504464110284559	-0.0011035995421111498	-0.0002097329735898321	-0.00022740934703330384	-5.880530798149024e-05	0.0	0.0	0.0	0.0	0.0	0.0	0.0	0.0	0.0	0.0	0.0	0.0	0.0	0.0	0.0	0.0	0.0	0.0	0.0
GB131	-0.02935071411133257	0.012372677060424124	-0.03636202502035573	-0.023890181119522187	0.038855629700095026	0.018734593477116798	0.00040090961757899204	0.010496038891795428	-0.007948702067626873	-0.013814343349479565	-0.023092873190917466	0.005455822997269635	0.0011529213768011145	0.014081975928974635	-0.001085524537475601	0.0005356762838233474	-0.044230252819884415	-0.027649558299929745	0.010515865538500058	0.003924867141695154	-0.01922092031952872	-0.007213662257103749	-0.0031386680880039646	-0.013953597559606437	0.01461153286498797	0.0039015668961843238	0.007093767668189634	0.0026958443913398457	-0.001623215653590221	-0.004886225805350198	0.0008699454875553699	0.00021678585635007057	-0.0036667897619450853	0.0011317182459911707	-0.0029281293974898876	0.004122378585746385	6.522874663155634e-05	-0.0017363128195586402	0.001780164712721051	-0.00022803185105396264	-0.0005423308104548787	-0.0020158804990062272	0.0023255758937514213	0.0014846417305784414	0.0003811827089707578	0.00011302639043490122	-0.0014383555843985483	0.0002599815774902164	0.0005964280171810572	-0.0009682525412936889	-0.00022230280505390994	-0.0005046044683908435	-0.0001852547338236019	1.2324368780127323e-05	-0.0	0.0	0.0	0.0	0.0	0.0	0.0	0.0	0.0	0.0	0.0	0.0	0.0	0.0	0.0	0.0	0.0	0.0	0.0
GB133	-0.0007497084727772658	-0.003861662747614302	0.016549849471309254	0.0037840728850365396	0.005872683519714153	-0.0017063471148758306	0.0028428194527514395	-0.0007691706530582828	0.0035379062949340025	-0.0023267822480019726	-0.0012257392549271968	0.0019332491930671568	0.0003075101042884026	0.0005788146348436981	-0.000856499495558196	-0.001346116517754954	-0.000447780546282186	0.0006482988425277041	-0.00040213072044126426	0.0017822528309274616	-0.0025867395991702622	-0.0008127257274712561	-0.0016724944492989351	-0.0002003825020181633	0.00011867895701540008	0.0009628975325652584	0.0027702846401754	0.00013308056142520238	0.0004255163900896963	6.571941743515293e-05	-0.0008061033584702177	-0.00027810279188085653	-0.0020371713661195114	0.0018450502819424425	0.0027796659848348076	0.0001490532064386712	-0.000437250888128337	-0.0007039984533578523	-0.0001196374677878032	0.0015868582277015861	-0.0001795155213521762	-0.0009956135630016193	-0.0010918731375747451	0.0016705372101303423	0.0007801264972369622	0.0002972474518251419	-0.0021166416432078726	-0.0012937637264579327	0.0019496657053616026	-0.0003474461901853	0.0016077513286605913	0.00033182939463936525	-0.000676003207870554	-2.029068546719533e-06	-0.0	0.0	0.0	0.0	0.0	0.0	0.0	0.0	0.0	0.0	0.0	0.0	0.0	0.0	0.0	0.0	0.0	0.0	0.0
GB134	-0.029913713721182206	-0.027386462531480256	-0.06965834295371662	-0.013170671592770647	-0.0416034761936756	0.00911919278866693	0.012237330539283216	0.01518198152524311	0.0018052404562135325	-0.020950916737687997	0.006190998545124167	-0.005992477494235163	-0.006641442182410915	-0.004640057436140427	-0.0018938862207704512	-0.017334045804266698	0.0027602659107320545	0.029824941512893364	-0.01913481053455158	0.008139922736114105	-0.023144880892923807	-0.01522047901371968	0.016060681998801667	0.003023369731744676	0.0059134283993121485	0.012167761517342756	-0.0064894860708802965	0.006301227083483372	-0.0021280654272267485	-0.00038154871557807385	-0.0005663885313379864	0.0034804609848458653	0.0024923451199339993	-0.005690606576256715	-0.0013513848098396872	-0.001051493212482501	0.0018926669248232832	-0.0030396893630337822	-0.0008438007409461892	-0.0006120185941091584	-0.002167762111768438	0.001387086112050159	0.00021585884204764104	-0.0017065144012885622	-6.388622411558822e-05	0.001550591701314985	-0.00024649690580894924	0.0012925211450136355	0.00173384567218792	-0.0009283989262242552	-0.0002536367136743543	-0.0006666089804713047	0.00019508240710060796	-9.616053956077208e-06	0.0	0.0	0.0	0.0	0.0	0.0	0.0	0.0	0.0	0.0	0.0	0.0	0.0	0.0	0.0	0.0	0.0	0.0	0.0
GB135	0.09188420794289393	-0.2693627736033842	0.10529725596978308	-0.0513023223391307	0.0004010353563986168	0.009141948649182819	-0.012165361502249497	0.002816998454752792	-0.009653936406900265	-0.023033997216497643	0.0027724609348041	-0.0003652952080718239	0.0007588046108572089	0.0006810233092042832	-0.007172579865998693	0.00011106185619917975	-0.004684289212754937	0.004272364207061623	0.006005108799174	0.004102903352056132	0.002506239521978177	0.0018013691160876563	-0.002387413643202401	0.002316136944245369	0.0015733791544918752	-0.0030921462518324018	-0.000149907556679863	0.0015814527884604787	0.0019207941407957455	-0.0016919138157400026	-7.214145061507657e-05	-0.0007108214795729941	-0.0015040685467027817	-0.00046736632534257085	-0.001012042071700919	-0.0013247447484353132	-0.00016690288612514757	-0.00046215079942551953	-0.000782495430539602	-0.00030496705556981466	0.00034027049516080254	6.507085290937668e-05	0.00015474036589455337	-7.435753929517846e-07	-0.00015869841556410987	-0.0002041335567800125	4.7530503195902556e-05	-0.000681608241646334	-0.00039618715639819273	-0.00015229386021911324	2.0426715959785267e-05	-1.8068277324394843e-05	0.00012800898336359868	7.001272422067895e-06	-0.0	0.0	0.0	0.0	0.0	0.0	0.0	0.0	0.0	0.0	0.0	0.0	0.0	0.0	0.0	0.0	0.0	0.0	0.0
GB140	-0.05799848841867517	0.0012110033982833028	-0.07073309413568936	-0.030092167517829935	0.0515301368490555	0.005733737280287578	0.009591627690043684	0.025555314457238902	-0.021307165337786017	-0.00891278511753703	-0.009026663739511692	-0.0033376169384831773	-0.00115859803459482	0.0038708264909815765	0.001892353394260634	0.0018565376552126438	0.006436883258205856	0.005139785854099459	-0.0022490952144847516	0.0014060406608424935	-0.0013726418273966748	0.009004567545548401	-0.0012965366294631527	0.008440617861227653	-0.004685015270782954	-0.009102737294036465	-0.007123539384025974	0.003196578177576233	0.0006158627926041217	0.004413395078075851	-0.004573703228845903	-0.00668559800569495	0.006013992491694789	-0.0017673307326010633	0.0004418413471666088	-0.005712831865296841	0.0029844756581826333	0.00028457708504731316	0.002865347394039197	-0.001052692840314482	0.0015138057194109232	0.0029932441203122536	-0.00044708302870183385	-0.003327714184275476	0.0007609959740935095	-0.0016838027084624778	0.0018709529669518653	-0.0023859686435532493	-0.0008392060505158846	-0.0008608564886780868	-0.00014237124436625254	0.0011488639652945404	0.00017580776420353356	1.4170221150478726e-05	0.0	0.0	0.0	0.0	0.0	0.0	0.0	0.0	0.0	0.0	0.0	0.0	0.0	0.0	0.0	0.0	0.0	0.0	0.0
GB142	-0.05445143518591676	-0.003124420373884042	-0.06269867429500418	-0.020354620777790176	-0.01915738700920882	0.01537808186910222	-0.00477693260201131	0.011627970824341994	-0.013334376688215662	-0.007688458392211991	0.011114959330645236	-0.004922675303515272	0.00993881755344423	-0.012364289762666894	-0.005919247117973686	0.00489086931096651	0.009718782450682396	-0.005165957789809315	-0.0034727823975542306	-0.0029074893878030823	0.0029891151846091987	-0.0023726380805238036	-0.01325476978795483	-0.006078192169951182	0.008893486722225376	-0.0037778387157730627	-0.0019965215173532082	-0.0003197913955832694	0.008399188177465792	0.00306233899045005	0.0012442185944123861	0.005425816627745965	-0.007160423374342689	0.003856530043253184	0.0020615241414989995	0.003200408630929086	-0.004356382310821687	-0.0021006048956074765	0.00205706463952834	0.0033333674127197423	-0.0004980099410700521	0.0008466917490358566	-0.00025552327527356155	0.004816932716855709	-0.0010696859778039293	0.002399025491322029	0.0007921995430294025	-0.00048763142415021753	0.0006707121686354726	-0.002304232288522803	0.0013212333843708082	-8.890612024050186e-05	-1.6258013093912577e-05	-1.5339341093062947e-05	0.0	0.0	0.0	0.0	0.0	0.0	0.0	0.0	0.0	0.0	0.0	0.0	0.0	0.0	0.0	0.0	0.0	0.0	0.0
GB147	-0.02613398194594603	-0.00041093051434720724	-0.011644196140159246	-0.003445517115162291	0.022176075968456513	0.008974295203007345	0.0002023836675492239	0.005088821625329346	-0.01134550058285808	-0.0044356199724417174	0.0016698087507288693	-0.011142390950891687	0.009950185392463286	-0.016047168266612	-0.013054935079597594	-0.00020360517901681189	0.005577909353841029	0.00018531334545921	-0.002701443787749791	-0.0009689879295600197	0.0016636337874241657	-0.005401942002384321	-0.011634900857515416	-0.0005159419028128098	-0.0008501608444722231	-0.0034219427591032606	-0.005841229737723665	-0.002535195141231603	-0.006572149011998453	-0.00390191697730596	0.006507265760064083	-0.0019256461060851743	0.004205616951735562	-0.0008178482433611952	0.0074980137759150306	0.009444842840652615	-0.0059250667199338605	-0.0022986031704796137	-0.001616392794255377	-0.008803569679381963	-0.006058841002570828	0.003079571563360849	-0.0022808209309145566	-0.0006764497637649573	0.0066835932650704515	0.002225331265430586	0.00028496877505385494	0.0033631396497681163	0.00023128941335932407	-0.0020831434388959213	-0.002939507044053009	0.004132486311857144	-5.629608867111554e-05	1.4604545735708273e-05	-0.0	0.0	0.0	0.0	0.0	0.0	0.0	0.0	0.0	0.0	0.0	0.0	0.0	0.0	0.0	0.0	0.0	0.0	0.0
GB149	-0.00895674556680587	-0.0024242180090450357	0.00822393634973566	0.0020984412338155766	0.010640217117997832	-2.0483269952924528e-07	0.0028856672849780387	0.0003516200383390785	0.0017698629520238528	-0.00203060387816787	-0.005998891768450768	-0.0011010350094740585	-0.0011996526562964454	0.0006376443893284738	-0.0021086177215170372	-0.004058611701077991	-0.0009382623898686719	0.0028924354598317712	-0.0011050377179603423	0.002420970690321643	-0.0029005479133801773	-0.0021469267264549274	-0.00026421350062146124	0.00032436163118865663	-0.0017035284182079081	0.001646445694485986	-0.0010021855917599796	-0.0026589094265092768	-0.000995731939869641	-0.0005991488489291239	0.0030966910640927202	-0.0019346454864789416	0.005298401202873559	-0.006071929140702738	0.002514955627238777	-0.006130993017816994	0.0045099290003722	-0.0031021209931109996	0.00209312221516473	0.0018160561868097954	-0.0006265480203494988	-0.0010478992664956295	0.0009679102992317388	-0.0014136508605946797	-0.0033793863361539296	0.0018380587534637587	-0.0029592696060623835	-0.004671266757832858	-0.003420609437940939	0.001469924390699727	-0.00721709750218517	-0.00014195446216737936	-0.0015461033766875857	7.791015535646719e-06	0.0	0.0	0.0	0.0	0.0	0.0	0.0	0.0	0.0	0.0	0.0	0.0	0.0	0.0	0.0	0.0	0.0	0.0	0.0
GB153	-0.015354303957160705	-0.004544224657409322	-0.0034271923227692583	0.004073617089443262	-0.03874413813138841	-0.0010108784965274825	-0.004318359718899919	-0.01085670370393906	0.009479327714690901	0.007135473093069875	0.003044033260785642	-0.0013640418278609379	-0.001697964180067522	-0.0036837626772031526	0.0012878928861446654	0.0009326722145753597	0.00173806106718699	-0.002315430472986253	0.0021893346821392967	-0.00387132127944172	0.002132428495729007	-0.0017565235594537516	0.001148972792002952	1.7519795538173321e-06	-0.0017163739580530342	0.006254105524396816	0.002329253179054397	-0.006045542396093686	0.004514265394310528	-0.005683156580618524	0.004871961707473206	0.005069563003527106	-0.0012666254180130107	0.0026402776856133538	-0.013647090053442772	-0.003362499139781107	-0.0013271187055862842	0.00630544494949999	0.009717840962932867	-0.0066675753640684406	-0.002414246245868525	-0.017193737810047852	-0.003947747167036318	-0.005114640702350869	-3.398109456677952e-05	-0.00043310267855876337	-0.0006954781389381366	-0.002689183190074142	-0.0009038125727536921	-0.003104551985308999	-0.0008634865056143147	0.0020845729173601733	0.00015854271814725332	1.3249540547498621e-05	-0.0	0.0	0.0	0.0	0.0	0.0	0.0	0.0	0.0	0.0	0.0	0.0	0.0	0.0	0.0	0.0	0.0	0.0	0.0
GB157	0.031063793167876025	0.06033714659964033	0.04809399069201051	-0.030126437270024734	0.004188850534432422	0.06607205775955435	-0.011546738121051923	-0.006591223485802641	0.06001977017585588	-0.015088195930394595	-0.04379046581395255	-0.006232736888782289	0.01779255648522713	-0.009884764176933672	0.014065989392051713	-0.033737933131738715	0.0001757095605398699	0.0064254950021083775	0.005083300966897711	-0.01248901971827657	-0.0006220478458880632	0.0005762211951116362	-0.005688353040649059	0.003710735689004964	-0.010638186263194264	-0.0024695746324219126	0.0021938749427526487	0.00036769423521342855	0.0035529333662198503	0.0020325034136457944	0.0025783501054111937	0.00033489306259559343	-0.0015089326200705827	-0.0017373604427697704	-0.00021481718034738618	8.87833092195804e-05	-0.0026692042722525587	-0.0005507488491542052	0.00014434516363077396	0.0017017658262546383	-0.00028558877510117425	0.0005421950873975983	0.00017202058362009328	-0.0005212380902356144	0.0017397207785733943	-0.0006299539125527274	0.0005995720492300068	-0.0009391009549757484	0.0005930577246883799	0.0013211222503051521	3.088298513092674e-05	-0.0004391248769119137	0.00017710883239849652	1.2014051043300023e-05	-0.0	0.0	0.0	0.0	0.0	0.0	0.0	0.0	0.0	0.0	0.0	0.0	0.0	0.0	0.0	0.0	0.0	0.0	0.0
GB180	-0.0018867232657913033	-0.003544237046669734	0.015353126850710747	0.003426032094821462	0.006348700895397969	-0.0013355393481326255	0.0026604135208489776	-0.0009299502764159002	0.0036518738110044788	-0.0033297476046242253	-0.002172104626812232	0.001460686385670873	0.000734043745457545	0.000914218183000251	-1.0834744265389719e-05	-0.001383250991552572	-0.0006404671796627656	-0.0005585870569279979	0.0002917496913382549	0.0018127239338119124	-0.0036786834297848074	-0.0013258231780170604	-0.0030554437186417756	0.0006318303477530267	0.0007126668932806118	0.00023448185763531387	0.003215729157332679	3.8714556419326036e-05	0.00018492233855947257	0.0003956150537059649	-0.0003281951478833054	0.000963565911999517	-0.0032147092760770567	0.0004946459980334236	0.0027013320424880004	0.0004049850795481297	-0.0020654774519367775	0.002064177460942285	-0.0013583146255999555	0.001066026233676722	-0.002030196000222661	0.0023204650073082676	-0.0034653980185539008	-9.755178894561965e-05	0.0017332068664453614	0.0015111301521205192	-0.0005188723559623149	-0.0014106902055222783	0.0007804281175757325	-0.0018951733531844166	-0.0004993708942216666	0.00248775931891215	-0.0015927000959657035	0.00015453134889225551	-0.0	0.0	0.0	0.0	0.0	0.0	0.0	0.0	0.0	0.0	0.0	0.0	0.0	0.0	0.0	0.0	0.0	0.0	0.0
GB181	-0.010269812963420983	-0.004770339675138013	0.00040215859264528827	0.0011198420582310483	-0.025014125591608132	-0.0005553776416239675	-0.001739365230609128	-0.004769320667608393	0.00702244622520535	-0.00078446515948549	0.004226488655917126	0.0006423579483472921	-0.0005980130796308326	-0.0013199257380959446	-0.0004920348160476331	-0.0012410545335044593	0.0029642390956927584	0.0008462412778286848	-0.00026531583013474395	0.002165100511232765	0.00037690014126128197	-0.002382962017932847	0.0007641207602213443	-0.0033863907494157955	0.001869618738261484	0.0022816228208052338	0.00023947133400272803	-0.00041712711321415224	0.001755027568651997	0.0008787983931855714	0.0017204194772498641	-0.00010362550847539166	-0.00011114715176462073	0.004828623478737101	0.0009868418865361685	0.0027425718417184394	-0.0005203790413239519	-0.0015480748033808154	-0.0015167362299499342	0.0005377573275895841	-0.0014920421998460668	0.0013901603798363792	-0.0012113113297867112	-0.0008158302922750892	0.001858078666771511	0.00014414773735791067	-7.020738087163268e-05	0.0007679898966454904	0.0024119988436714	-0.0021472250455625164	-0.00019139761659728655	-0.0002464522776521401	-0.0003346996076031732	8.969244685882271e-05	-0.0	0.0	0.0	0.0	0.0	0.0	0.0	0.0	0.0	0.0	0.0	0.0	0.0	0.0	0.0	0.0	0.0	0.0	0.0
GB182	-0.02646860401098431	-0.0038542343068324876	-0.02033486999093644	-0.006759633319702344	-0.022877662742177046	0.00403119892050897	-0.0020655485361015203	-0.0009614813417838829	0.0052312600800827206	-0.0019458053500067346	0.0030545122778028433	0.0026994788528599866	-0.0017497984587828692	-0.0011948370204916214	-0.0007743860364885128	-0.001667060612986293	0.003058695257400894	-0.006425992548381042	0.0023447931929725004	-0.0031314699118831463	-0.0051983609632833055	0.009161974988503664	0.006306476736922003	0.003037207068964357	-0.0031117784324204284	-0.0057042397785813945	-0.0026929296434137725	-0.0009344826855603945	-0.008918749796312483	0.0009859812695585462	0.0023834104036871227	-0.005203919965358962	-0.007290176491515697	-0.007701046330685067	0.004463552447939873	0.003693657890294107	-0.0042863693333431985	0.002553217039770882	-0.005687087436594535	-0.00364014458453141	-0.003133456319218866	-0.006609499380500129	0.0018067831177478533	-0.0012732560576052554	-0.0043192315403925395	3.016501483110868e-05	0.002809883091046833	-0.0005915104197317077	-0.00040597952754928995	-0.0035090732391733553	0.0029228055605356167	-0.001079657767444278	0.0008334795160481695	5.0031926341639764e-05	-0.0	0.0	0.0	0.0	0.0	0.0	0.0	0.0	0.0	0.0	0.0	0.0	0.0	0.0	0.0	0.0	0.0	0.0	0.0
GB99	-0.0019660095412266628	-0.00361609014450113	0.015301152769985924	0.003485932875230074	0.0059686279052615955	-0.0014832077978272186	0.002889707512002632	-0.0005909412065918462	0.0025413637171435724	-0.0023828366172805827	-0.001740742875151566	0.0008667218634149812	0.00010059692727570876	0.0004993392849393835	-0.0008889489884786648	-0.001159374257628937	0.0008120213559133199	0.001303869419267414	-0.0004302705242039653	0.002975177512413154	-0.00020044203820996322	3.808404438250411e-06	-0.003183628542642382	0.001715554013280782	-0.0009089816403346757	0.0021483832776412752	0.0013070859487437627	-0.0002881610554484758	-0.0006702951291264575	-0.0010162343263633107	0.0007728490654336286	7.429526554687626e-05	-0.0012932019553979753	0.001776316672769373	0.0029895646209211	0.0011563914133708862	-0.002305825757849016	0.0011524099837787606	-0.0016763626672306657	0.00044440925529325154	0.0006361947387217442	0.00031179933698697546	-0.0014153027177114508	0.0013346368565731077	0.0013582209416054018	0.0007177909524127835	-0.0020366976540227605	-0.0009853053810696514	0.0018260091820489854	0.0006537316221288111	0.0010083055803151166	4.984163272207506e-05	0.002818334135814631	-0.00010935860217279686	0.0	0.0	0.0	0.0	0.0	0.0	0.0	0.0	0.0	0.0	0.0	0.0	0.0	0.0	0.0	0.0	0.0	0.0	0.0
GCDF199	-0.025848424632085674	-0.0010368197787065075	-0.01340578506927312	-0.004259090978771608	0.019606070426656148	0.0020241978595788514	0.005794721065135994	0.0062067972247810115	-0.005163655585268469	-0.0021163189218387996	-0.0017340392581494547	-0.00769192583505765	-0.0010807263528225199	-0.0015571583245130658	-0.00039340859802980096	-0.002974550470395474	0.000533869579890357	0.005387135761187784	-0.007370685602687855	0.001539406825239456	-0.007063812623414507	-0.009266488671490823	-0.003224478373627022	-0.00667357012214922	-0.0005599462959633615	0.004996432090301815	-0.006157876081609489	-0.0025911835103412644	0.010151690472677562	0.011127542131025781	-0.0066470692416806905	-0.0014478516895295832	0.007067363109478369	-8.712925682519545e-05	-0.006406955330023721	-0.000843732707739484	-0.00025583372473386923	-0.005158615429033611	-0.006928746713104312	0.0018660876419923842	0.00416409487026127	-0.005827243978974941	-0.001953610215024413	0.0055626753388190965	0.005817951043849636	-0.005530328425041866	-0.007435975722973251	-0.002171795409814877	-0.003401610806548717	-0.0006285502169738157	0.0017912862471161275	-6.698136516039319e-06	0.0001267694898917631	2.602202134043277e-05	0.0	0.0	0.0	0.0	0.0	0.0	0.0	0.0	0.0	0.0	0.0	0.0	0.0	0.0	0.0	0.0	0.0	0.0	0.0
GCDF203	-0.007581072190568354	0.009554069131743117	-0.004727121729694596	-0.008585983134453242	0.01569431448037686	-0.020682240617507456	-0.0024162743136899056	0.007056098666988022	-0.010063492034558696	-0.008945848655653737	0.00656430894377436	7.502098745180354e-05	0.002824921976218782	0.008979678492710464	-0.0032291615187596268	-0.0022613513726551016	-0.013893938456357486	0.005868616439440303	-0.007431524284945406	-0.014560284930839898	-0.004385626974825218	0.015670120509228634	-0.00494880117873447	0.012573798676225035	-0.008985448222849269	0.007798624410960009	-0.012016526195007093	-0.00038953754157797845	-0.0008591577228687843	-0.010194144911167808	-0.00701066219193639	0.022061310167817372	-0.0017451006435451114	0.0069112733104346276	0.005997870404635484	0.0014751653294456713	0.005920376081333011	0.0005403681752049063	-0.0005662933270112884	0.004145114783057175	-0.00425382231042714	-0.0038128304622429532	-0.0022363971820365384	-3.7322696625010084e-05	0.0016758560670626565	-0.0023612053201735603	0.0012735669044675864	-0.000654207206788956	0.001514257159533267	0.0019554984061939413	0.0013865179140993764	0.00020706472668310735	0.0003748042950088124	4.390485849761597e-05	-0.0	0.0	0.0	0.0	0.0	0.0	0.0	0.0	0.0	0.0	0.0	0.0	0.0	0.0	0.0	0.0	0.0	0.0	0.0
GCDF208	-0.029915513928106145	-0.004090691496654062	-0.025597087213078115	-0.007850289786628748	-0.022828892316098037	0.0005308350490138607	-0.004554239764469782	-0.001134114695813507	-0.0005219370497018689	-0.005371625594523028	-0.0039259190316999594	0.0006738003653900921	-0.0022888324289427153	0.003419224581780971	0.00108462976509625	0.0014212401566828826	0.00013906007233187726	0.0031696691936144504	0.0013096739234404239	-0.004995704915466602	0.0045149239229143965	-0.0015612929228210359	-0.0024439560790672577	0.0014324694974818752	-0.0033048248227952196	-0.005752573052414371	0.0020111180286280675	-0.0018238013131989539	0.003692913885445395	-0.0025715383315286994	-0.0005864320717878666	4.666785300810204e-06	0.0059690352074260435	0.0010915911419570135	0.001881985683769005	-0.00591240450290485	0.009988517434087536	-0.011104554906413447	0.01176611424941709	-0.0030077456465594926	-0.004082345848476456	-0.003006621987618705	0.006455790994227844	0.0067507582175386875	-0.004451877056844571	0.0021812412883875643	0.0028754537241641844	0.0008551725186184198	0.0015772768570306314	-0.0007665334273310731	0.001236333892837552	0.0005045756559477997	-0.0009899941671156966	-8.356185479224908e-05	0.0	0.0	0.0	0.0	0.0	0.0	0.0	0.0	0.0	0.0	0.0	0.0	0.0	0.0	0.0	0.0	0.0	0.0	0.0
GCDF210	-0.011855625624934531	-0.004471941481291816	-0.002053513647778216	0.0003716441470059537	-0.02576417486909839	-0.000923577395455905	-0.0022576936313314657	-0.004557097930485081	0.00487796178549374	0.0004935199043703604	0.0003108688484673575	0.005182390517226171	-0.00017124044071041263	0.0006746373060777206	-0.002346032030779652	-0.0002281423969644058	-0.0020888173601119465	-0.0011751016232164821	-0.0009977457409331104	0.000721071607743471	-0.0014994755526373206	-0.0005381367579519558	0.00027680663502037406	-0.0010271996282959672	0.00119818177137938	0.003745756477325625	0.0041118052107104045	0.0010306008069528442	0.0018239104194494858	0.00015264663020795788	0.0018672283396912286	0.0020171371922413565	0.002012062763819428	0.0018354478142504353	0.0017484152113242848	-0.0001880523844998914	-0.00125571677466346	-0.0012683693078341504	-0.0019267108856370016	-3.988883247395205e-05	0.0006731188337751219	0.0007225433721854386	0.0031773755915077396	0.0005365723204458044	-0.003136012034887191	-0.0003547045866792566	-0.00016135786516744376	-0.0008549582600767086	-0.0036958365235703608	0.0010919882945743021	-0.0012065650303514216	-0.0003285396838371023	0.0014552231107521265	0.00020237869835722594	-0.0	0.0	0.0	0.0	0.0	0.0	0.0	0.0	0.0	0.0	0.0	0.0	0.0	0.0	0.0	0.0	0.0	0.0	0.0
GCDF213	-0.0030114180353612977	0.005334703865243075	0.01030581311177157	-0.003570144318220252	0.011650341344546566	0.0014466333363698728	0.00395895018576014	-7.20056422731245e-05	0.004498328332630555	-0.000769036572528186	-0.004864998236195156	0.0031842966452308146	0.000978097958713656	-0.001798672224577417	-0.0001841013603658758	-0.0010770231161076787	-0.0011178165853220874	0.0001750878371115616	0.006628595541421958	-0.002806355570453553	0.0028698217283133886	0.004360452974851119	0.009977632261176522	-0.004464924738381206	0.0011662512444908424	-0.00571425212953731	0.008506443741725376	0.003577437049536513	8.387226421747028e-05	-0.0002068258892700188	0.004349610011744973	-0.004297019674297054	0.011729298994951209	0.002659651173527735	0.0058165201433884066	-0.008563043856217274	0.008910464067050436	0.005556788818034428	-0.0006055164635185382	-0.00911878099751501	-0.008224810246620601	0.0025136655916400815	-0.005286685918632178	0.0014354559915630393	0.0027205376007847387	-0.0010780936452900514	-0.0035206387746558715	0.0014699939648575749	0.0003901159598559376	-0.004289456247367061	0.0005398873264099308	-0.0024065567661729964	0.0011833361067332656	-8.872943604581702e-05	0.0	0.0	0.0	0.0	0.0	0.0	0.0	0.0	0.0	0.0	0.0	0.0	0.0	0.0	0.0	0.0	0.0	0.0	0.0
GCDF217	0.0015400389694167234	0.015556916379846953	0.013008445551572633	0.0008196282171496109	-0.029763920063603042	-0.019163814261088954	-0.021168411654950474	-0.007822714307419201	0.014160080935903903	0.028182598068843632	-0.0017799670080860838	-0.029424947285769318	0.046727347627263646	0.0517412441338778	-0.02708396599149195	0.0005028652641926197	-0.0031964832019545364	0.006354794037476998	-0.007207837573481038	0.013515648934786765	-0.0020692901962839957	0.00622382083023078	0.002011310542605759	-0.004475910487620073	-0.008351574743437198	-0.001696594973524448	0.003810065030530644	-0.00033859068574987826	0.0009009031046209649	0.004212851509190562	-0.005705294288613906	-0.0025702135535245196	-0.0009669878300173163	-1.5589621107545749e-06	0.0018863782166727162	0.0014070966879286583	-0.001616353113567153	-0.000248590704279236	-0.0004491758039938659	-0.0013744591136526116	-0.0010600135395231124	0.0009593144866979486	0.0008223948963985351	0.0006322079270675178	-0.0004993371563315295	0.00038813678682360624	-0.000776717775172521	0.0002650589529215352	-0.0001137599575868526	-0.0009110328339263054	-0.0003793210666984386	0.0005449042705336865	-0.00012702336725839016	-1.1338570130295014e-05	0.0	0.0	0.0	0.0	0.0	0.0	0.0	0.0	0.0	0.0	0.0	0.0	0.0	0.0	0.0	0.0	0.0	0.0	0.0
GCDF222	0.017015086392565233	-0.029541537616518773	-0.02623171981191049	-0.00623795922157079	0.002181759909009974	-0.017922197351590355	-0.0009490618215226258	-0.012429347573299374	-0.004640274446788106	0.0423839905532152	-0.033481884431205346	0.0838330047703709	0.01196539499420874	-0.005642369940317313	-0.00829108670181111	-0.00827801395223464	0.000744072720658477	0.004314563760593381	-0.012898727225084153	0.0035764569652731353	0.003851617151975265	-0.00015563420003389934	0.00025498264489511106	0.000923300935007363	-0.0018203468995234315	0.001008750976936148	0.0003189716439373134	-0.002356876326048262	-0.0028664619862883763	0.0011418951596883285	-0.0013317281575655046	0.0006713352843651435	0.002052436965312013	0.0021449547114454474	0.00037340048317331497	0.0033017918171182564	-0.0020747706161828635	-0.001408736915213211	-0.001541702031892912	4.821463072706128e-06	-0.0012591513226468502	-0.00016854908041985105	-0.0009971630400191387	0.00025470869523559617	0.00026657831886934397	8.879466854358797e-06	-0.0005874647156955032	0.00019764832722792708	8.660357471716914e-05	-0.00028285710390994696	-0.00016063706110971217	0.00014760995444003286	-0.00032041878492537556	-1.8872503171558874e-05	0.0	0.0	0.0	0.0	0.0	0.0	0.0	0.0	0.0	0.0	0.0	0.0	0.0	0.0	0.0	0.0	0.0	0.0	0.0
GCDF225	-0.005982732087916359	0.0024153279597104622	0.008281584812311954	0.008791256001171322	0.011686342629647684	-0.002842434168763188	0.0018573558951674354	0.0016637351029423918	-0.0019585510806062727	0.005047239163647079	-0.00680192771726264	0.004287138794271827	0.0005306209568137798	-0.0003753209089409877	0.00017564044085764766	-0.005329969651956904	0.0162440323706436	-0.005003969026437703	-0.006995899965940169	-0.002230527912209951	-0.003402742062955993	0.0030887337797607557	-0.0021266162414188714	-0.015322267730247469	0.007935434332289703	-0.0010259784745595627	-0.01734315828808634	-0.006338430032603441	0.01699309494147778	-0.011971721569787833	-0.01159114054826925	-0.002467736558582437	-0.011780619129851655	-0.005337010944161375	0.0018981607814292346	-0.007550678161391571	-0.005432555619817048	0.009022934604185871	0.003035843225191431	-0.007996729850654704	-0.0027709001325969644	0.004373035034592806	0.0036387538319297996	0.001792903049709481	-0.0016864205014398479	0.0004631614992836481	-0.0011970074496766622	-0.002080059277493879	-0.0021479860381729186	0.001603205900116133	-0.0005785014138302905	-0.0012229304360675194	0.00020641807432479576	3.382858936650764e-05	-0.0	0.0	0.0	0.0	0.0	0.0	0.0	0.0	0.0	0.0	0.0	0.0	0.0	0.0	0.0	0.0	0.0	0.0	0.0
GCDF229	-0.005669641143763094	0.016301178294746886	-0.020444812982701687	0.022114471752688953	0.04891050017311376	-0.08311251890856194	-0.04206116139854837	-0.06141679685750007	0.020157233330580213	-0.059466418836832666	0.007873652282302829	0.011637856617177868	-0.0016029097647211122	0.011227924297976859	-0.00033597556340627863	-0.005958581650083716	0.01803346741836673	-0.0033239696789797244	0.007481274996568305	-0.004923157228040938	-0.0033932546345170505	-0.010947045853898317	-0.003921992225167225	0.0007877218856560021	-2.8406448263075183e-05	0.0006900785489888686	0.001269228424177862	0.0015368560312346727	-0.0003561805851446315	0.002276533456910579	0.001361894992364774	-0.000904549770846413	-0.0004075233261325097	0.002192708552399288	-0.0009204668821592383	-0.00046175577697017765	0.000652315183628475	0.0017281276291533857	-0.0013076730911424268	7.60769037600904e-05	0.00144651437298657	0.00014154553396424573	0.0003042981090874042	0.0008900109548161811	-0.0007280258999780114	0.0007071175808817897	-0.0005221838662402508	0.00046581061089204635	0.0003648745445042827	-0.0006550154729612861	-0.00037829436993896737	8.425355766369167e-05	7.178697679142594e-05	-4.765144415349691e-06	0.0	0.0	0.0	0.0	0.0	0.0	0.0	0.0	0.0	0.0	0.0	0.0	0.0	0.0	0.0	0.0	0.0	0.0	0.0
GCDF232	-0.011574638398957693	6.536907533125931e-05	0.011977638323871696	0.023157015828754273	0.01349391626471299	-0.02992855612809004	-0.012587074166401101	-0.04990376768857955	0.024757508681792436	0.01296248599938186	-0.019111006351505064	-0.02726491723034018	-0.013950396186017103	-0.042671758989789255	0.003547745939324661	0.01728728428723271	-0.021799032893947124	0.003064830148469103	-0.019732221847560558	0.02502628874274185	-0.004017717953817847	0.01871019371616514	0.0038126684960737467	-0.0006678259527017567	0.0031825407298191337	-0.002168894701531271	0.00046379522112021657	-0.001476582158521913	0.000626883457564383	-0.00014776721015980686	-0.001799197877180713	-0.000305582376738903	-0.0004391058152660836	0.0007666514526261043	0.0034185597900021113	-0.0009214562671817882	-0.00027397730805973273	-0.0014603151986038515	0.0014456576789648996	4.954505437354439e-05	-0.0006455755683623497	0.000587655687425039	-1.374113934846489e-05	0.0004944744791919213	-0.00010739813945053579	0.00013317857537729428	0.00011658111142835207	-0.0006908110965041155	-0.00016103410777197044	0.00019754244973092797	0.0004778947376678788	-5.841093370277429e-05	-5.931873986945595e-05	-7.211537810540217e-07	0.0	0.0	0.0	0.0	0.0	0.0	0.0	0.0	0.0	0.0	0.0	0.0	0.0	0.0	0.0	0.0	0.0	0.0	0.0
GCDF235	0.013706377990564326	0.003688669469896732	0.005910326827668982	0.012959388171284234	0.004856336470256776	-0.010919661894573825	0.00994892038384594	-0.002045279596966968	0.005016769170316566	0.00304135268425886	0.0015003776990685097	-0.005260125535698416	-0.00040317431843405767	-0.0021303185106868413	-0.001320350329283478	0.005668679658180173	-0.00472019976879753	-0.005779796814342641	0.002346936561113089	-0.010791929104309888	0.008110221033365414	0.001966853701895953	-0.0032353210670313603	-0.0034883735974107406	-0.001724386527225992	-0.001365439176557168	-0.0021180551959020435	-0.010177849325396233	-0.007772925117222626	0.00014702750778301088	-0.0040300598367354855	0.005703227811477406	0.003194784487930279	-0.002164258417993941	-0.019745833283716735	-0.010968867713893124	-0.007814162489303758	-0.014409796928003213	-0.010495083261623225	-0.00150776144045487	-0.007802334904741146	0.005579288254218919	0.001008485963167864	-0.0014651889605091345	-0.0021115919402751584	0.0027846030609969636	0.0011223788754976141	0.0011241998905608924	0.001283001925049726	5.233381841643646e-05	-1.3408471962067094e-05	0.00011050282928225798	0.0004732419799440527	1.4203508985857352e-05	-0.0	0.0	0.0	0.0	0.0	0.0	0.0	0.0	0.0	0.0	0.0	0.0	0.0	0.0	0.0	0.0	0.0	0.0	0.0
GCDF236	-0.015696205393084316	2.203358543232805e-06	-0.0013938294303896402	0.01007990487703556	0.015990950071041152	-0.0020733248422986337	0.008258351006356513	0.00560734881656922	-0.001443093357549046	0.0055796267225596665	-0.00946786583047794	-0.0013482436600098925	0.0006237163443867592	0.000859266953851957	-0.0015837311621770243	0.002380985913753022	0.0010618928047706677	-0.002260694313926893	-0.00611454435417001	-0.003012901925701498	0.021113160373680263	0.009779287746589075	-0.00725139644811379	-0.004982223933254416	0.003886395193455587	0.0189986107013999	0.00040858131263564094	0.02927010537597399	0.0169581424111036	0.008362374889074735	0.005873119377559208	-0.0030011747049882897	-0.0059595548165629845	-0.0017051963539751783	-0.003051081678098626	-0.003345441506008036	0.005509569564627811	-0.0006455681627690983	-0.005895941810173782	3.282226938908942e-05	-0.0008236155680887848	-0.001483871351795465	5.4017722427704465e-05	-0.0034405668840117067	-0.00041536658014591684	0.0010045979442507157	0.0030615500562451788	0.0018733300948398609	0.0020789144326802144	-3.858058365073693e-05	-0.0008411507343455522	0.0008037153520260744	-0.0001833791207945946	-2.7276996902465628e-05	0.0	0.0	0.0	0.0	0.0	0.0	0.0	0.0	0.0	0.0	0.0	0.0	0.0	0.0	0.0	0.0	0.0	0.0	0.0
GCDF238	-0.024854058944676797	-0.0011469785182222194	-0.011683624801886618	-0.004564788354923664	0.021136244551629938	0.001957084445106071	0.005343949476000378	0.004916111344447636	-0.005579604649500591	0.0037397501257355895	-0.005909458986518701	0.0011755646853528461	0.0006927648226787415	-0.00047124426827886543	-0.00640733615547446	0.003710396917959212	0.0011060350759791724	-0.001050971615699267	0.007408717642291893	0.0019165196380748514	0.004315679712487492	0.011037198932145132	-0.0020956132257006115	0.010961017703859597	-0.007496189705942188	0.008221152585612304	0.0059438896730291315	0.003217447091892856	0.00459182937634045	-0.007912026566702908	-0.00338307052053659	-0.0019176439364157638	0.014960575318993967	-0.007229176917597871	-0.003802223929887459	-0.0038934623000697146	-0.006738764077312288	0.004226056433807412	0.006249379399416139	-0.0009997644811956328	0.0065912716083758385	0.000564629398499252	0.0028172172617627013	0.008181223685336868	0.0009959808172936052	0.0033097770784275486	-0.0009091432464993564	0.0017610836537468011	0.003843835470766642	0.0004706452225585975	0.0021208618921811713	0.0001510622978521479	0.000190583907009757	0.0001028309163389084	-0.0	0.0	0.0	0.0	0.0	0.0	0.0	0.0	0.0	0.0	0.0	0.0	0.0	0.0	0.0	0.0	0.0	0.0	0.0
GCDF239	0.46377114055303875	0.007783049230704099	-0.11152407199878438	-0.0009032758504750366	0.0023917122443525836	0.006978438762441975	-0.0017375152679437243	-0.010362430365120577	-0.003391811551743076	0.004081027845132634	-0.001472928391378387	-0.008895511791748436	-0.0019306201887281298	5.564176069049448e-05	0.0008998524613318311	0.0016376578076092035	-0.0001535023497466411	-0.0005250338609174985	0.0014299834686858732	-0.0008061613310082269	0.0010430422986014306	0.0007143015408950726	-0.0006892913561745147	-0.0002843025754877168	0.00024184297236789189	-0.0010743629607508226	-0.0003321039911414459	0.0005729708634983581	0.0003209639039279073	0.0007510115834583281	-0.0005308089864691679	-0.0001968852797997266	-0.00011980809321217431	-0.0003836556626317902	0.0005353112135427534	0.0003536635801237278	0.000555335669504658	0.0009058741885336532	0.0005983151461512641	-0.00017446243002075139	0.0005493996433122917	-0.00041278688941613303	0.00023886142516876374	-1.8482726164029556e-05	9.007522742512919e-06	-6.839015358189848e-06	6.197377554061351e-05	-1.7664349639614166e-05	-7.91369197002838e-05	-1.7994643134045335e-05	-3.703454971958148e-05	8.490728723538847e-05	2.5423657582463952e-05	3.226660752720706e-06	0.0	0.0	0.0	0.0	0.0	0.0	0.0	0.0	0.0	0.0	0.0	0.0	0.0	0.0	0.0	0.0	0.0	0.0	0.0
GCDF240	-0.01057521634695953	0.0035876025132026896	0.01305551390812833	0.048237744672786936	0.010437734224451984	0.02089236956662083	-0.006890207091204886	-0.019273028892147062	-0.020985421341901875	0.018717620791807145	0.015499265662799676	0.005816040111490907	-0.005589371615479527	0.013314885907977695	0.02738692165375969	0.002858869761695202	-0.005058796003090749	0.04268232110735589	0.015964850740199606	-0.010565915559257582	-0.011648741263660663	0.015793685081881684	-0.017851671712772976	-0.013929176222308411	0.010619637213355997	0.0006941484048474805	0.0031765618080569595	-0.00121424630660844	-0.008347956900733628	0.0034581571476310176	0.0005335814021822144	-0.002980483876134713	-0.002212529119057662	0.0008915470781376378	9.547730546658896e-05	-0.0012444735408497559	-3.4505630832527195e-05	0.0005956391402395024	0.0006552944471202165	-0.0012376809191631275	0.0012780481534005715	-0.0005165570825194107	-0.0002904358250409966	0.0009900545586249815	0.00039021280100489617	0.0006829304375510451	8.753583485884843e-05	0.0001847819779248393	0.00013890411062080982	-0.0003528170486919588	-0.0005173589704970735	-5.578371096514868e-05	0.0001517306672754694	8.194829940496862e-06	-0.0	0.0	0.0	0.0	0.0	0.0	0.0	0.0	0.0	0.0	0.0	0.0	0.0	0.0	0.0	0.0	0.0	0.0	0.0
GCDF241	0.04805278674660541	0.07201782236694243	0.062373514761650775	0.04103766783014268	0.0020050591102058124	0.06620975331410682	-0.057001255796918004	0.004260173488429733	-0.029919562862398493	-0.02860960176775497	0.030757492312565863	0.013391912356603019	0.021453097043116622	-0.007312974670032384	0.003989602235447028	-0.002020057934919457	0.0022280325822882576	-0.009200288351207227	-0.019324229228373086	0.01369253689820526	0.008529773210352325	0.0004935546164352216	0.0006559204528607819	0.001580027956531582	0.009056888983703954	0.0006900969626730212	0.001794714891958022	-0.0022481075250518965	-0.001315809244137653	-0.002714591533132751	-0.00580989004436092	0.002507029646758039	0.005853724592880207	-0.002294448648040219	-0.0019213962547065537	-0.0006409771856408208	0.0018839410906419819	0.001317486804271763	-0.0009678526936456776	0.0003259591482894069	0.0010066974360842874	-0.0005649095600883461	0.00019055791063677584	0.0006523988998917024	-0.0017671040069711984	-0.00078488054254603	0.001411086478795471	0.0013640293812798724	-0.00030257279306854164	-0.0006962226916795095	0.0004494837355286902	0.0008962795379585532	1.2034534561969656e-05	-3.452499226875971e-05	0.0	0.0	0.0	0.0	0.0	0.0	0.0	0.0	0.0	0.0	0.0	0.0	0.0	0.0	0.0	0.0	0.0	0.0	0.0
GCDF243	-0.006195076899316798	0.013637246459160824	0.00016344699370668346	0.004316582455447506	0.01690306550053868	0.01093081623292113	-0.011226558972066777	0.0010107095015718256	-0.02579463352609777	0.0027008427185331993	0.004120511845368747	-0.006042745420090217	0.029439782131637147	-0.03728353701885605	-0.03295771784152931	0.017034991982690217	0.012404069129736862	0.0032036761739652913	0.018683354624196978	-0.018258110591052805	-0.014089231019032106	0.0022902061389196344	0.010321195592768307	-0.0043028788254278515	-0.01105856156409087	0.009421657672215466	0.00923796892558006	0.0039244754731436095	-0.0037255944575155723	0.0028290134619646367	-0.0024704260511213836	-0.0010165346082291254	-0.006166486043966816	0.004809411820696517	-0.0014089803814025202	0.0008094277439520593	0.0013306232254873132	-0.0016521329216583167	0.002259551995631804	-0.0004342906731101196	0.0002737355718907404	-0.0002465597095276181	0.0006841597600800374	-0.0016613670769280251	0.00022294195626809175	-0.00039334799420241354	-0.0014734391145424328	-0.0003089508213520163	-0.0018219487959847183	0.0021060424789501606	-0.00031863309345432286	-0.0019655574773835617	-0.0003159594704243053	-1.2700576970997885e-05	0.0	0.0	0.0	0.0	0.0	0.0	0.0	0.0	0.0	0.0	0.0	0.0	0.0	0.0	0.0	0.0	0.0	0.0	0.0
GCDF245	0.014038778950604213	0.013788460202407645	0.01811262322692341	0.002548673489398845	0.0015990562463973354	-0.027645119396687474	-0.009328742389559193	0.004278185654754402	-0.006242772700212612	-0.002577198252311348	0.013539712832223372	-0.001763381187322084	0.0018451184257894664	0.0016125042812957598	-0.0027739010231706026	-6.891870040047245e-05	-0.012262366934938424	0.0036829597622955175	-0.0062300677629143295	-0.0077710325981176056	0.011132122022756501	0.00389302971392931	-0.0021593107054764227	-0.0009091546487193217	0.0008433172077450146	0.0058507982223338145	-0.0011789042893672686	-0.003986126126547533	0.0012334530994959863	-0.0007515982835964441	0.004523244203645357	-0.007035928630839154	0.002256727535492149	-0.017120250882359685	-0.001705692416745153	0.003799974486053541	-0.003758518638516061	-0.00043111749901489425	0.0051328718737773844	0.008444029990564756	-0.0033512554188562466	-0.0007494493421858665	-0.0073609598829546515	-0.0033274894443805314	0.003100246259404611	-0.002217801055338548	-0.0004147876893357945	-0.0004253109658018975	-0.0027298139947324255	-0.00026938373839648506	0.001473331059039875	-0.0006306492105917247	-0.00011411063810070501	-5.916494314136173e-05	0.0	0.0	0.0	0.0	0.0	0.0	0.0	0.0	0.0	0.0	0.0	0.0	0.0	0.0	0.0	0.0	0.0	0.0	0.0
GCDF248	0.013953650995841962	0.02532689875083551	0.03702842517230427	0.011852629042241757	0.009732927313150515	0.05016776017077208	-0.02493196008805975	-0.007141931001831451	0.014342519009024888	0.0158474751705658	-0.0003287738292564127	0.002345398499294074	-0.06979737954956285	0.020060425465984962	-0.03672554224309707	0.014141496400936248	0.010580277373437212	-0.004658102888313309	-0.010026270343296067	-0.008763081930774835	-0.009356214760739105	-0.003646034166973129	-0.004910604366742413	0.0028147249936907844	-0.00401562886911165	0.0007443558688010963	0.0020426522751853054	0.0002304129499806212	0.0005552427719908003	0.0021209393687132943	0.000872529758292365	-0.00031188905828838826	0.0002672941489712903	0.0007128627989298407	0.0008783767833590872	0.0006789733889589869	-0.0004020348285880476	8.5681642644584e-05	0.00013151266441888953	0.0004413684963959617	-0.0011439200708588436	0.0012200177354310263	-0.0009790353531460004	-0.00019137419174878012	0.0007355986414197423	-0.00035176047677802305	0.0002814243242619073	-0.0002589149729766137	0.00031822866206973903	-9.44607125291277e-05	0.00013584359155297283	-0.00024834333436622285	-9.279710994316331e-05	-7.60894235235397e-06	0.0	0.0	0.0	0.0	0.0	0.0	0.0	0.0	0.0	0.0	0.0	0.0	0.0	0.0	0.0	0.0	0.0	0.0	0.0
GCDF249	0.0700677956888951	0.11221249027665373	0.09809210491469876	-0.07884898488099594	-0.023942307124441203	-0.00766298959981411	0.09128328957899447	-0.034638512511885676	-0.021610039663757314	-0.02673432012846262	0.0031593627949662705	0.009183691191814626	0.0011547807101224869	0.0053279815107460165	-0.004053218628724213	0.016922976715111133	-0.0012962260935520096	0.004301637733253192	-0.005989005766984071	-0.003136391138549603	0.001100463054851315	1.801296335930842e-05	0.0036586051892854273	-0.005717386733485196	0.001656904378672507	-0.005536738665844719	-0.0032849113381381513	0.0019080626586109191	6.460876892008386e-05	0.00186517765779501	0.0008506438750814992	0.00013845696739650342	0.000752534336722345	0.00030311790734877933	0.0012537887304932595	-4.7528926634163535e-05	-0.0013567670061655126	0.0004906577657715326	0.0005198975525613266	-0.00042865612973923023	1.8398490531238556e-05	-0.00026231064245337747	-0.0006068380368729386	0.0008009783263966263	-0.0007916445892211745	-0.0008377453657352184	-0.0004304338640716245	-0.0003925664812170256	0.0006494875985326911	4.348110871629576e-05	-8.723998875627144e-06	0.0001479528542853458	-0.00021536865455758821	2.453871760968514e-06	-0.0	0.0	0.0	0.0	0.0	0.0	0.0	0.0	0.0	0.0	0.0	0.0	0.0	0.0	0.0	0.0	0.0	0.0	0.0
GCDF251	0.08363274689506253	0.0881488041315423	0.07839698600713733	-0.03550218700219286	-0.011097234448524862	-0.06384378084398545	-0.0486394312663583	0.09532592690823995	0.0022538790419602017	0.007564383003362946	0.005832240203753995	0.0055876545302402415	-0.012924065974147513	-0.007660493679410233	0.0051036406835578765	-0.003938107379548226	-0.006660650761794627	0.0021871196942209142	0.007008508734471718	0.004341291790440631	-0.004017591256160682	-0.00034889627657429	0.0011305978634139416	-0.0006190010106465998	0.0010418750583353503	0.003091271190054723	-0.0021679821660037205	-0.000975061716951398	-0.0006673345077751566	0.0021994876051748173	0.0019439405740691899	-0.0019572536790319448	-0.0005151089712613186	0.0029487437666146006	0.0013038405789953902	-0.0022216424859288473	0.00109779923413175	-0.00044945623303633463	-0.0006022014367076417	-0.0026535752766553467	-0.00016460555293313666	0.0009570182324936583	0.0005482434573320288	-0.0003228872011725738	6.088208827212682e-05	0.002306104362880574	-0.0004150043986051301	-0.000530185472339848	-2.3006252231581267e-05	-3.961675921299465e-05	-0.0002935757345310283	-0.0005810622512834341	-2.4703347820096867e-06	1.2186768938218615e-05	0.0	0.0	0.0	0.0	0.0	0.0	0.0	0.0	0.0	0.0	0.0	0.0	0.0	0.0	0.0	0.0	0.0	0.0	0.0
GCDF262	-0.009321426708600273	0.004763511943332349	-0.00606958468549287	-0.003042276138749127	0.01815369291047216	-0.017626087834641414	-0.002239809689203832	0.019536810007554237	-0.009256780763232294	0.0077197407575960025	0.0028599446094194703	-0.006915620564230181	-0.005335713149741702	-9.189285404679339e-05	0.014350204283657172	0.003624683650736865	-0.0015531371766175509	0.01337119053901274	-0.020274873999140044	-0.014485984533273516	0.0022666985520273255	-0.006566878857650744	0.005080517241079158	0.008589711737908658	-0.005710609221234193	-0.023886665624978896	0.01935675170657297	0.007516675654157142	0.010873061714677777	-0.014635782233401163	-0.002198704508826304	-0.004295959966671165	-0.008629503375195914	0.004104035311574993	-0.005741512417100916	0.005645472243332026	-0.0035301597202083536	-0.0032886891309964234	-0.001778036541688939	0.0020323410361296522	0.002377371594668131	-0.0011001729046495063	0.0026946505252862783	0.0004948945146114948	0.0008046480446578	-0.0006772282711281443	-0.0024849455639321207	0.0016072667101060777	-0.001139165416356423	-0.0013619270932460595	-0.0014363942769882064	0.00022850902575070897	0.0002442616780455469	-1.4839181277709572e-05	-0.0	0.0	0.0	0.0	0.0	0.0	0.0	0.0	0.0	0.0	0.0	0.0	0.0	0.0	0.0	0.0	0.0	0.0	0.0
GCDF263	-0.0013303515730271824	-0.019676730265704337	-0.020023056827626846	-0.03402553374394901	0.05592136199228458	0.013593361304139757	0.0356090025239	0.011782543725852678	0.06550312498777455	0.02575131488189118	0.08048319336654604	0.01075969708820692	0.00838368139630086	-0.0040184625091406545	0.005937652737027241	0.0012202020127520651	0.0009089806338131694	-0.00616779516651276	0.000922515202641518	0.004103335989150284	-0.0007415966634115413	-0.00029354048905763403	0.00038003198724756204	-0.0006340087117412989	0.001193897820509437	0.0031348925366337936	0.0018445947393894479	-0.0023524794081594734	0.0014824907081261065	8.792066434054552e-05	-0.0006760793385223328	-0.0005378098257127473	4.754051683943714e-05	0.002841533715441547	0.003039418145983026	-0.0014260609091865885	0.0001683470526563552	-0.0005245389046524631	0.000753971321097228	0.0007615942479120257	-0.00021865524587342524	-0.001012926903661465	0.0001424835835114476	2.7053946079771606e-05	-0.0005683574061273369	0.00045769356391052647	-0.0006747960601325573	0.000999530562902298	0.00016095364373697264	0.0006240962748108443	-0.00013440982861317793	0.00010652846488427515	-0.0002663426557795505	-1.0180710012037483e-05	0.0	0.0	0.0	0.0	0.0	0.0	0.0	0.0	0.0	0.0	0.0	0.0	0.0	0.0	0.0	0.0	0.0	0.0	0.0
GCDF265	-0.011542782624991867	-0.0022173647376338298	0.0065887169741474195	0.004635694034117079	0.011537876054658818	0.0035639137600467314	0.0009863030781772251	2.698347460027981e-05	-0.0007844322727719526	-0.0015012230945771808	-0.0008476928813933676	0.006325488579291675	0.0012814722280326885	-0.000632756209880183	-0.0023379915451675524	-0.0009753417005651381	-0.0032691611398258567	-0.0008171112008453524	-0.0012477836405402427	-0.0015426258987865822	-0.008678667744051882	0.0007709488953252096	0.002339302837155773	-0.0010427164596810625	-0.004269907261288479	0.003085758787161728	-0.0011650373926480602	-0.00011729894923924762	-0.005300697312150992	-0.0015522034883494475	0.001321579307412544	-0.003935893456931149	-0.0015441896071582523	-0.002121881856046143	0.0003540658094427962	-0.004041316126069864	-0.0009500690110294213	0.0010573901812017917	0.004515941318137714	0.003156795801287961	0.002669711483943947	0.005071765974675039	0.007088729783685372	-0.009618478752650244	-0.006778314061057205	-0.004411002833170434	-0.007140041199707181	0.0023734906308692364	0.0013805495257360103	0.0005831616882314946	0.0027660910472908744	0.004474239449347986	0.0005320929764956776	-0.00012040074192450267	0.0	0.0	0.0	0.0	0.0	0.0	0.0	0.0	0.0	0.0	0.0	0.0	0.0	0.0	0.0	0.0	0.0	0.0	0.0
GCDF266	-0.0033257268247956673	0.0033974571458244623	0.022578946227994695	0.02048206918727619	0.0034493290082684602	0.005889990468689107	0.00940652014969471	-0.01384764837726493	-0.012051913589291684	-0.00046364440318450253	0.0073439508384534075	0.004175409291189974	-0.0006787671293838655	0.0016684766994687847	0.000664817389281628	-0.0014274282335019041	-0.0022632066878827775	-0.00198423372346999	-0.0018003480993143992	0.00417318325731088	0.002557724218240282	-0.003371060762504008	0.0037964616698023717	0.0017093869346264752	-0.00039654293672788666	-0.0043587295964758535	0.0029955327329879437	-0.0011368718984648052	-0.0004507504316354221	0.0041398697969322225	-0.005752055372848265	0.002013239913210361	0.003987544056769551	-0.0004988605836406702	0.0014573212439519955	-0.0013377942129795463	0.0021200392131958865	0.006860201293205997	-0.0019010651905327798	0.007339069721464234	-0.002665808758598947	-0.007118336033687696	0.012551974927217987	-0.0059002598365616955	0.008470692195614084	0.008565494697468836	-0.0007135988884733711	0.003153860745598427	-0.0002492345043543997	0.000695297660890737	-0.00187579053494684	-0.0015955279052871179	0.00044775130385659036	2.8549485485498947e-05	0.0	0.0	0.0	0.0	0.0	0.0	0.0	0.0	0.0	0.0	0.0	0.0	0.0	0.0	0.0	0.0	0.0	0.0	0.0
GCDF269	0.00977089584940108	0.027122877851981034	0.022001654162797528	-0.020741231459768382	0.00679217622385998	0.002654781004432251	0.009755997310176892	0.0038546123821298073	0.0014491027642110554	0.01094880130114199	-0.02491812948594192	-0.0023164679233788257	0.00382598101709239	0.004987110262259212	0.019856664921778962	0.028667738177713124	0.02549731912644335	0.002454512825458207	0.020835543068064254	0.025851381100979554	-0.009358122357575964	-0.010759254240636024	-0.009123864847156455	0.020134984297888313	0.006511361905702998	0.011265114786150375	0.005272763288673627	-0.0028191223795331574	0.0036508451821703025	-0.006927897536642562	-0.005980735191396846	-0.00035044250239620625	-0.002470533781793563	-0.0023462545168447995	-0.00041475550999462915	0.0028846157867409784	0.001294258949703566	-0.0034375456214600546	-0.002047075152146347	0.0014911693394069896	-0.0029222680615168476	-0.0011492346333776453	-0.00048491197168700194	-0.002756529185076359	-0.0001082610682009956	-0.0008798834710396811	0.0016445161390372114	0.0002893953660915699	-0.0006050921359471556	-0.0006039544581245281	0.00030675697376626867	0.0005039115630595731	0.00037118572261827214	-1.9085398735231578e-05	0.0	0.0	0.0	0.0	0.0	0.0	0.0	0.0	0.0	0.0	0.0	0.0	0.0	0.0	0.0	0.0	0.0	0.0	0.0
GCDF272	-0.003218564366712664	0.0021815114210625504	0.009469842046268702	0.0009109202326709532	0.008154347286132827	-0.0072411769435783676	4.563580304094278e-05	0.005385134944213822	-0.0010103059507964056	-3.7724453843634305e-05	0.006063112912296065	-0.0016792379727984437	-0.0005995029583256318	-0.004045324344062679	0.0004383412658165278	-0.00030978592513191734	-0.0028255393350028824	0.0025703141756806113	-0.001632415837249862	0.00026929616210840497	-0.0031996521823703275	0.0008359547980073159	0.003112673101711651	0.004677566780763223	-0.004031865414907224	0.000966723367806495	-0.001087242907014612	0.0016493399784859688	-0.011028923391741052	0.0012322660159990904	0.00018299070680603634	-0.0033137085969886255	-0.001689198224895079	-0.0018216066719212564	-0.0022975892334721566	-0.0019079769439875954	-0.003983507337944935	0.006376610100127355	-0.009194112545630918	-0.006198951153357228	0.003847940097401604	-0.0037494810393148693	0.008161112199783271	0.004143204720450472	0.0029939913085483827	-0.006207068446864128	0.00587048879697586	-0.005779305177026106	0.005321579344340956	-0.0005784222279139454	-0.0005828270702199656	0.00018969268417407786	-0.0013289530999596676	-4.0264072336752784e-05	0.0	0.0	0.0	0.0	0.0	0.0	0.0	0.0	0.0	0.0	0.0	0.0	0.0	0.0	0.0	0.0	0.0	0.0	0.0
GCDF274	-0.006770214064588802	-0.0015369667593890133	0.017319213542481973	0.006049846959926032	0.00682873515991428	-0.003577996578947286	0.008548605141180683	-0.00969617065349663	0.011159597930586476	0.012724801345173566	0.005249968144202183	0.00019239576932513026	0.0019015660649727227	-0.0019943438397238816	-0.00010487133319462114	0.003288987775464251	-0.0030409191837246427	-0.00016275569354037	0.0016493066884017485	-0.005803777628425432	0.0022450120385555513	-0.0038674095317819354	0.0019092401600717271	-0.003408260012088879	-0.003084042199980944	0.0019606562048069035	-0.002167639159156386	-0.0034465940938375726	0.0009720080499793175	-0.004692908111726716	0.0002847438495267176	0.00653602458287096	0.0011468279553712658	-0.012010163744299491	-0.01046158763690821	0.018086290125991628	0.018552403076810147	0.00268752377998017	-0.0014193644063627317	-0.006340160993623899	0.006460660992225015	0.007926525264571533	0.0027628139751997086	0.0009205148635352791	-0.00012715501746916598	0.0012543424915420621	0.0014674637826206684	-0.002470958269208172	-0.0017750363478806666	-0.001399808955285406	0.0002427922036545757	-2.119178363297208e-05	0.00046534221160721574	6.72195866977064e-06	0.0	0.0	0.0	0.0	0.0	0.0	0.0	0.0	0.0	0.0	0.0	0.0	0.0	0.0	0.0	0.0	0.0	0.0	0.0
GCDF277	-0.0183124036365224	-0.0010406300284613737	-0.0028024449502629303	0.011420500565631922	0.018996825894401773	0.008944058180469165	-0.0005475121162883478	0.0005529482167801434	-0.009602751084819755	-0.007346045649250524	0.004863511045118034	-0.00031631353354614014	-0.0022788097095490082	0.005198498245953444	0.0042620976965071795	-0.005778050013469419	0.0053069991791264036	-0.0039262620784195615	-0.004317227926143179	0.009079595341123898	0.008348517002460925	0.0013908920726537408	-0.0007232486031998755	0.0032280195338186893	0.0005687423804176499	-0.00898666081671373	-0.0027386416473617185	0.003379346038298847	-0.007150943456181078	0.003900289639101633	-0.007110635453372842	-0.009416549823799872	-0.0034048408028217376	0.0003918690960485978	-0.003244379225838318	0.010640776709848738	0.003982392057612568	-0.006750997392890094	0.004010930914156122	-0.007130487283249095	-0.0046852974258143505	-0.0055485240409052245	-0.005726087061929513	-0.003076727688216179	-0.002432167128770133	0.0010246853719309357	-0.0038741578387155614	-0.003071122105254466	0.005735219189406164	0.006348963785620104	0.0005462644926923454	-0.0020651487533003537	-0.0001793803821688051	5.2053039834330656e-05	-0.0	0.0	0.0	0.0	0.0	0.0	0.0	0.0	0.0	0.0	0.0	0.0	0.0	0.0	0.0	0.0	0.0	0.0	0.0
GCDF280	-0.030775065823706815	-0.002054977531371224	-0.028103019430569663	-0.008961145435077394	0.02811092974920396	0.004983543620591349	0.005581622517980245	0.007248775032798614	-0.011141772007750109	0.0017949312737250759	-0.010457102504455173	-0.012900974353205485	-0.001883502193358163	-0.000522623989432037	-0.00272015905265883	0.005364047810767777	-0.012037868862649103	0.01620259562407225	-0.007021952146103993	0.008250506157651591	0.026894744901790033	-0.03017641820025815	-0.010363878522684689	-0.006885002813756395	-0.011285995142749132	0.005926066986905552	0.0049112591090717285	-0.013029922777255079	-0.006500082557899903	-0.0018377106093345605	0.006788601902461101	0.003092494726059484	-0.007261470868215457	0.0024095519614118887	0.003365972665122244	-0.006750731689033599	0.002922531043685635	0.008297873854026866	-0.00025450127949102605	-0.001941183809078361	6.630046615717093e-05	0.0016334592949343192	0.0004652516715955756	-0.0017641131412701578	-0.0011822229493758702	-0.0009245691207831247	0.0006191141489839593	0.0008221984665471614	0.0009865176341255	0.0016320317176179307	0.0018253562174174798	-0.001438540756508516	-0.00014125056361101565	2.2256501838955742e-06	0.0	0.0	0.0	0.0	0.0	0.0	0.0	0.0	0.0	0.0	0.0	0.0	0.0	0.0	0.0	0.0	0.0	0.0	0.0
GCDF285	0.042416105761983715	-0.03520519136825061	0.014987500728390763	0.14904733102429693	-0.012533454815690123	-0.0100574539210984	0.07037187405841508	0.05575180811020573	0.018465079859704858	-0.02670877699807732	-0.014995774372589287	0.0020005331191930826	0.0038360213891190644	0.0026686557832760875	-0.005296379322980578	0.0013887436045380615	0.0036788548334852427	-0.006701628244358822	-0.001727024512732589	0.00039852807279432785	-0.0018203555177053543	0.002593005458562242	-0.001479596917580941	0.0003816414035736679	-0.0008969188188443519	0.00011930019736866938	0.004086882290040424	-0.0023941347342041936	-0.001781851972698419	-0.0017128047090952485	0.001617724929066126	-0.0004999814871049511	0.0003075530023933607	0.0018327207574999282	0.002157241737734355	0.0014700623943074563	-0.0004487827584278302	0.0008951598453325522	0.0011783199758596664	0.000583058152226426	0.0008149900490781725	6.5017402352070575e-06	-0.0008374209034243041	0.0009718600448053824	0.00013387715918270217	-0.00046363270123914315	2.591352594205321e-05	-0.0005866732876929382	-0.0004186343157868534	2.4361050450684662e-05	0.00035007078189047697	5.625542116318884e-05	-0.00011345716096319586	-7.700601365938489e-06	0.0	0.0	0.0	0.0	0.0	0.0	0.0	0.0	0.0	0.0	0.0	0.0	0.0	0.0	0.0	0.0	0.0	0.0	0.0

Biplot	0	0

Site constraints	0	0
