Eigvals	72
0.4880165610471202	0.13480553162588438	0.13244827205934295	0.11736939001380471	0.0829733703755454	0.05238492900554674	0.0354434208630198	0.02885593193564373	0.025236507849782833	0.02063716045713819	0.018960510918919135	0.01557828289350828	0.01513968501484872	0.012695788089778823	0.010999338786487664	0.009615142428642198	0.008263881492703656	0.007839006007107935	0.007423812841097291	0.0067908577523513175	0.006125430055581811	0.005532131755758701	0.005284976246134096	0.004797822995675112	0.004248894898695434	0.003925056816032238	0.0036338403081322204	0.0032094080003272005	0.0029899686446982557	0.0028510299408800524	0.0024308621647823533	0.002283533252503217	0.0020572662191838814	0.0019528516231220733	0.0017849188069723534	0.001518689434877117	0.001363672247185116	0.0012255282231011869	0.0010437958841469433	0.0009873302566819557	0.0009830835271471545	0.0008626441074200672	0.0008203627416846755	0.0006663480632156937	0.0004531178044194367	0.00039302345345582746	0.00036197978910791786	0.00021829799562180646	0.00011884365175278647	6.62976433745196e-05	1.090651979763856e-06	0.0	0.0	0.0	0.0	0.0	0.0	0.0	0.0	0.0	0.0	0.0	0.0	0.0	0.0	0.0	0.0	0.0	0.0	0.0	0.0	0.0

Proportion explained	72
0.37665204674814823	0.10404314823028935	0.10222381111896384	0.0905859032312897	0.06403899431298975	0.04043078105046216	0.02735529503992271	0.022271059410494162	0.019477581486171378	0.015927797016914203	0.01463375593172126	0.012023346347246229	0.011684835727151578	0.009798631748962805	0.008489309169995265	0.007420983967741551	0.006378078382488414	0.0060501587296812	0.0057297119082901265	0.005241196048983442	0.004727617773251647	0.0042697090939209995	0.004078954033548774	0.0037029682914426305	0.003279304613305694	0.0030293658071545815	0.002804604390222259	0.0024770267828193716	0.0023076630992234855	0.0022004299613697723	0.0018761437270968012	0.0017624350114826255	0.0015878017141443196	0.0015072143438454992	0.001377603498706854	0.0011721271974743986	0.0010524846572703243	0.0009458648546439676	0.0008056035133473247	0.000762023241993475	0.0007587456086118607	0.0006657902510067185	0.0006331574179951261	0.000514288616186167	0.0003497171245303891	0.00030333619794896616	0.00027937664278527636	0.00016848277991949695	9.172374105433101e-05	5.116863865851581e-05	8.417671309894585e-07	0.0	0.0	0.0	0.0	0.0	0.0	0.0	0.0	0.0	0.0	0.0	0.0	0.0	0.0	0.0	0.0	0.0	0.0	0.0	0.0	0.0

Species	0	0

Site	72	72
GA11	0.00024026754535449096	0.021998638664169533	-0.020151141288516906	-0.005744433351524541	0.016781943570395218	0.007882079107612062	-0.02681967286989469	0.037005326486101865	0.01555537352241177	-0.03693302334477185	0.04425465725986328	0.033850477485444626	0.01928116381374558	-0.04163538591585938	-0.03758436872798174	0.05054396727703045	-0.006960996221835934	-0.0008654759763959038	-0.0012308693140516884	-0.0013523703332736121	-0.004222775021673415	-0.00427438346253126	0.008701640245536426	0.001362237882578566	-0.006740193753666917	-0.001794888391430169	-0.003319698546420466	-0.007182896226083405	-0.0006500717916117552	0.0023355447095912306	-0.0022521655908551825	0.00438329218964827	0.0018446918224968437	-0.0004383462970534156	0.0014355755597307788	0.0007769536228662377	-0.0007362097003340663	-7.935203880904724e-05	-0.00031471798202313875	0.000275623215623846	0.0009095275199562732	-3.127185923728981e-05	-0.0005902895346604272	0.0003693656053002101	-0.0007302035702588384	-0.0004129649854306149	-9.653294475010245e-05	-1.7818697709043579e-06	-0.00014479097775148029	9.914745385816963e-05	4.606188160122926e-06	0.0	0.0	0.0	0.0	0.0	0.0	0.0	0.0	0.0	-0.0	0.0	0.0	0.0	0.0	0.0	0.0	0.0	0.0	0.0	0.0	0.0
GA13	0.013638485986615198	-0.01666562270168629	0.009176628359157453	0.0006486543750326117	-0.033694769405678685	0.004369602776063976	-0.011229751541988322	0.00681582229072583	0.005447063349137278	-0.0014496713605502303	-0.002286702445746555	-0.00700621049545429	-0.0005307625065616524	0.03193797290321723	-0.01668090399324465	0.009725283526649819	-9.720285794704362e-05	-0.0026837526870435464	0.002824038712025494	0.01771834153325514	0.002104390520852515	-0.020653484555149256	-0.026402253160598032	0.024741727223875718	0.0005561325573384049	0.026654490263698948	-0.007960927798288227	-0.010295479971744174	0.014128082081438805	-0.0074120308200695375	0.006362831611499686	0.0013371229476760616	-0.004582235328602508	-0.01070184838494056	-0.0009765664799112506	-0.0007938634468705847	-0.0017646546202269044	-0.00016535024707183855	0.0028800127314373937	-0.00048208950082782637	0.0043642091764451545	0.002856478364249643	-0.000568531831148606	0.0021726556454786045	-0.00023085480995495804	-0.0007321684799785173	-7.879794164349939e-05	0.0002458133212631412	-7.682532288898085e-05	6.991319498626676e-05	-7.92744091427713e-06	0.0	-0.0	-0.0	0.0	-0.0	-0.0	-0.0	-0.0	0.0	-0.0	0.0	0.0	0.0	0.0	0.0	0.0	0.0	0.0	0.0	0.0	0.0
GA19	-0.023738468515857977	-0.031905172099120915	0.007554814109499834	0.04473949321202637	-0.13736256248527354	-0.018538524738605972	-0.02295200619708302	7.963180972049031e-05	-0.009923566386374875	-0.0013823861705335424	0.03299154950288021	0.010884912773345067	-0.0224997958058167	-0.06130398588824076	0.03462686142119378	-0.029991304847944364	0.000556675047929149	0.002279708318898633	-0.006120293235364275	0.012277304254424866	-0.0004924606064087181	-0.007477673453946697	-0.0024620322665986688	-0.00016251095563431174	-1.578200025372733e-05	0.0022365187180305637	-0.006088142776225608	0.00011320875915041593	0.0031341109312730715	-0.001904311019865077	0.0002748208220909216	-0.00441156109496489	-0.001070338682791314	-0.0029658037654289333	0.0009336905454330521	-0.0002042949905904951	0.00013287307965661945	0.000828341358804719	0.0016826280947766755	0.0006217789544358981	0.0012267907042404953	0.0021547978570968197	-0.0011707197249536325	0.002393467380134564	-0.0006662092422269234	-0.0005592543970744905	0.000441104086064292	0.00036098618884068527	-0.0002080693919127062	0.00013004486830749408	-1.3091937447541639e-05	0.0	-0.0	-0.0	0.0	-0.0	-0.0	-0.0	-0.0	0.0	-0.0	0.0	0.0	0.0	0.0	0.0	0.0	0.0	0.0	0.0	0.0	0.0
GA2	0.01929085993655746	0.007335721722192458	-0.008519573457678056	-0.013663064067957548	0.011824233417858461	-0.0003640794520508077	-0.008291703515493812	-0.020256204954783464	0.007773744694703673	0.005547979973965368	0.008584930107684357	-0.0008448359422904166	-0.006993643764801207	-0.002435411908131317	-0.004001171490135933	-0.011866455895214359	-0.03235970311873461	-0.0593698653704922	0.032559194806767125	0.00033207940852713805	-0.02091956660485334	0.0056185104206178055	-0.010491444644059057	0.0033827372204712058	-0.003246066761058419	-0.0120965156555574	0.005716068333826141	-0.004528524816428773	0.0021142608661695846	0.004324005493981632	0.0035895434198286234	-0.005429244525087659	0.001057954853537544	0.001334285052626416	-0.0039532312570237475	0.001029125515165317	-0.0014427159542992761	-0.0016902671304571653	0.0007887067287818158	-0.0006192488596134427	0.000895159579610203	-2.9339561798105108e-05	0.0007279206972641056	0.0010783401618700793	-0.0007605822263892278	-4.857836274567278e-05	0.00022259657715412054	-0.0007370697486645813	0.0003385222773287724	-1.2507867360905696e-05	3.3224799015181705e-06	0.0	-0.0	-0.0	0.0	-0.0	-0.0	0.0	-0.0	-0.0	-0.0	0.0	0.0	0.0	0.0	0.0	0.0	0.0	0.0	0.0	0.0	0.0
GA21	0.017306615915795014	-0.0031452501866500904	-0.001951150936493898	0.004965506163184438	-0.0015338501737465473	0.00455685799607528	0.00024608254233893576	0.001766164295677719	-0.00048542023402213926	0.0011707459978092716	-0.0013265610190327725	0.0012694954381416478	-0.0012258541570566964	-0.00032021965927925446	0.00036125479493662746	0.001216464021570582	-4.572564500017731e-06	0.001167283312768054	-0.0004946898094126446	0.0004991738646588521	-0.0014899838973719643	0.0013505364499652773	-2.2580255837672652e-05	0.001247657108285158	-0.0015572000321247782	-0.0017046297079133326	0.0006522529550098938	-0.0015215760041500355	0.0001093316188692254	-0.0012046631007379374	-0.0003728217234803855	-0.0007718549569666796	-0.0006498535765588251	0.001373475900884559	0.00012530725754630537	-5.688315179549005e-05	0.0009533043679659764	-0.0005383506658253844	0.0011086231405922906	0.0006634964536095059	-0.0004855014868935692	-0.00043493382967832217	0.0002760833876685186	0.0007123549511178635	6.058220254533918e-05	-0.00036221637554828973	-0.0006904809416485837	5.798282987577966e-05	0.0004270192450416165	-0.0004038582809987718	-7.38678557678777e-05	0.0	-0.0	-0.0	-0.0	0.0	-0.0	-0.0	-0.0	-0.0	0.0	0.0	0.0	0.0	0.0	0.0	0.0	0.0	0.0	0.0	0.0	0.0
GA23	0.007464569831551556	0.011653420183746387	-0.013031548275748834	-0.012841925971156713	0.007230619724108779	0.001060834057705242	-0.0063435450047975225	0.026517363735654373	0.00802018918191998	-0.004121307689268404	-0.0019222744345488178	-0.006849417397710347	0.001313374152118204	0.017317021786767084	0.007522305379581258	0.0021912167126033584	0.000481601623839587	-0.001217521423031798	-0.008273771274742653	0.030860209381574803	-0.03329144283756868	-0.021062951542717784	-0.004019206679320112	-0.0418640409155297	0.009441595416699132	0.0025654002962314584	0.0075560062012953125	0.00014373808224332112	0.0010223308646456852	-0.005419306245955842	-0.0053828716526979885	0.006328511147066125	0.00336977629014403	0.0017776080199977144	0.003764383863363591	-0.005455697814643222	-0.0011949425903559497	-0.0014646397051218713	0.0012309637571583452	-0.0007787772160687427	-0.001875112404885277	-0.0014652583042949596	0.0009099800578949818	0.001190730162116012	2.858577049167701e-05	0.000878586051833419	-0.0005145252286511095	-0.0001019866132287383	-0.0002278836543597923	1.6742496300973476e-05	-1.1128030280852484e-05	0.0	-0.0	-0.0	0.0	-0.0	-0.0	-0.0	-0.0	0.0	-0.0	0.0	0.0	0.0	0.0	0.0	0.0	0.0	0.0	0.0	0.0	0.0
GA25	-0.02301303417528183	-0.05109596441226849	0.014832404104657828	0.04243093368367159	-0.12961322416356083	-0.021424653489403294	-0.009332754833189289	0.005690761104250512	-0.004339225624834639	-0.01115216924562544	0.0018065557191449175	-0.008766985342985928	0.006599304212238103	0.029140336733329084	-0.034840931516149524	-0.006717800284402965	0.0041384550243010795	-0.010384442761451286	-0.003111417917591692	0.015949467533492443	0.01922002322916148	-0.005658525603385987	0.00016130506851440624	0.006119292533168225	-0.004873830067140668	-0.009688630050514563	0.0004308553286198036	-0.001690811800674991	-0.009826002027616397	0.004034159729489291	-0.006210960875091108	-0.005089407478346014	0.00680246836108566	0.01113689354419447	0.006504824518206642	-0.0021172470292722934	0.0024447304273056704	-0.0005931719433049899	-0.0022653613044343462	-7.54866227433571e-05	-0.009465816260132933	-0.005349010044944564	-0.0004745789747101863	-0.005008013103799141	0.00028843394991734893	0.0012751498641705818	-0.0002902642015822255	-0.0006450520913945187	0.0004465531342542664	-7.773118471303009e-05	1.945049243216447e-05	0.0	0.0	-0.0	0.0	0.0	0.0	0.0	-0.0	-0.0	-0.0	0.0	0.0	0.0	0.0	0.0	0.0	0.0	0.0	0.0	0.0	0.0
GA27	0.009086359567988965	-0.0058208844254840925	-0.012567815566166759	-0.0059768203288854144	0.013993481726169536	0.008175672904924478	-0.004992150757059654	0.019579230168928884	0.011993912005606525	-0.015447953416957372	0.006959601584737634	0.007509961092498308	-0.011260887934526656	-0.0016492676284115878	0.01268169259265491	-0.009233349175557279	-0.008107273107191367	-0.0016438561665743803	0.01744874364707673	-0.0075065059731120615	0.008179969369761177	-0.011253084337450864	0.00837498160147449	0.01774261995390425	-0.004099676913815346	0.01865181508034203	0.03414461406741971	0.019554113214091638	-0.008242394847292838	-0.005539370823029874	-0.014116173831038073	0.011048041690191248	-0.0010284396512776686	-0.0019952607625455007	0.0028474827879884468	-0.0031666036341208856	0.00012873109930078598	-0.0010004329989479492	-0.0012453327809953823	-0.0017241797856142743	-0.0012641368796044588	-0.0013951098981076094	0.0024374385380968606	0.00014230118805088897	7.41749464688515e-05	1.1857680179394662e-05	-0.0008954790968549002	-0.00023222348224662142	0.0001339532476269664	-9.989430677503279e-05	1.431723475890065e-06	0.0	-0.0	-0.0	0.0	-0.0	-0.0	0.0	-0.0	0.0	-0.0	0.0	0.0	0.0	0.0	0.0	0.0	0.0	0.0	0.0	0.0	0.0
GA28	-0.22217203607140756	0.04985854270040494	-0.3253702116029347	0.012888961626652729	-0.008522768976373352	-0.029341276428566685	0.025124823629672804	-0.01320301905117666	0.006352591538324742	0.001799245514900059	-0.007177033890797041	-0.010472384977251177	-0.003710482851031649	0.00018905196049631725	-0.0007245725543861406	0.0009927839175755597	-3.61927111476531e-05	0.0013137632735685544	-0.0021782813206600994	-0.0002710137458265819	0.0042621559388675645	0.000790276135460499	-0.0002555779491496979	0.0006646713570752885	-0.0016228674809011644	0.0010299127760279834	-0.001267039511458169	-0.0005203354391698667	-0.00013010931823498955	-4.322868522354969e-05	0.0004313722899525331	-0.0004507284039879463	0.00013378855132580183	-5.73769662783696e-05	-0.0003610866059797786	-0.000724366375890279	0.0002455984795849222	0.0006664127257297054	0.0007668036732562983	0.0009689142514050842	0.0005127224609971583	-0.0001249001016946461	-0.0003571201110318659	0.00039196337534705335	-0.000542263075258559	-0.00014954310097192193	6.850249394739388e-05	9.69282580344015e-05	-0.00013469199699510303	-1.4081512791296162e-07	1.2751118373372256e-06	0.0	-0.0	-0.0	0.0	-0.0	-0.0	0.0	-0.0	-0.0	-0.0	0.0	0.0	0.0	0.0	0.0	0.0	0.0	0.0	0.0	0.0	0.0
GA31	0.012089876091865957	0.012647235655101782	0.001985994621577318	-0.005559357213180485	0.006647425995862954	0.05843675040798395	0.03556753451929424	-0.004794672725114263	-0.021689734573768448	-0.029154620681760102	-0.015964525646259265	-0.001900121292154498	-0.0008582650520844522	-0.0014053965819086712	0.010002234143403621	0.014487030674114774	-0.002300379615118538	-0.0017959221427695077	-0.0014225519685667617	0.011736403095448981	0.003508146978904817	-0.015218349871766538	-0.00319353984592209	0.018420338765692105	0.03369309637335806	-0.023320919586145426	-0.008659028895056122	0.014414379421806019	-0.004961429032386175	0.007328026699318425	-0.005479046652248389	0.0007691658680304442	-0.007656036939190824	0.003677741140646796	-0.002758665312789025	-0.004108997694278223	0.0016087782170486407	0.0003273458470554194	0.0011583953771358698	0.0007849675718207159	0.0031289290922319776	0.001687963969730715	-0.000349915340662378	0.003237378364919393	-0.0015762900441816355	0.00041640977820484547	0.0004156244612384416	0.00025995151469649806	-0.0004777455419922436	-1.0973027345763149e-05	-1.1732593082321864e-05	0.0	-0.0	-0.0	-0.0	-0.0	-0.0	-0.0	-0.0	0.0	-0.0	0.0	0.0	0.0	0.0	0.0	0.0	0.0	0.0	0.0	0.0	0.0
GA32	0.018017199185008586	-0.0022561063492888334	-0.001436634466849805	0.0038223756885384713	-0.001126482979268488	0.005089159080489381	-0.0007927917400517294	0.0026800092275663673	0.0011166650265518594	-0.00023400968048032213	-0.0004107164118463474	0.0030475913342371632	-0.0015924869368915287	-0.0011361363924383778	-0.0009785755448017707	0.0043368347199191516	0.000984440419415111	0.0006302586395761455	-0.0009518934629468902	0.000608692860901149	-0.0019885198809372656	0.0006446392969616447	0.00023257234719292126	0.001114924691937993	-0.00214620439482108	-0.0017175584565831293	0.00011967720485664785	-0.001928182075367546	-0.0011279006255067324	-0.0007905286326321	-0.001488590535795803	-0.00088062613564596	0.0018208605347877222	0.00016106153288638042	-0.002413736891949369	0.0005915109466476416	0.003154861498283794	0.0005354374937040165	0.0008632147064543022	0.0005880440077808555	0.0009306509313444846	-0.0008939190224411739	0.0015712262322454841	-0.0002877323726461617	0.0015962011170263155	-0.0013341335673679453	-0.00011734500193879377	0.00036125269674112205	0.001691376624216025	-0.0002450028321368493	9.10004539956317e-05	0.0	-0.0	-0.0	0.0	0.0	-0.0	0.0	-0.0	-0.0	-0.0	0.0	0.0	0.0	0.0	0.0	0.0	0.0	0.0	0.0	0.0	0.0
GA35	0.01672213292787027	0.015425833402915095	-0.0012514183000122863	-0.014541968569103605	0.00854440269450773	0.00035461938363137756	-0.017015399593408028	0.0006304743288525042	0.011661635377653044	0.0005281044008746407	0.009660038080458793	0.0005632240536859274	0.012049624671326068	0.0012771349565146829	0.025053658007529768	0.015821053322990816	0.06828474279685447	-0.03477452839858509	-0.007355964591279665	-0.011154364879780686	0.004750002675007668	-0.0012327062634209355	-0.009472600833064558	-5.010848317837926e-05	-0.0032955196949707504	-0.004628358818791473	0.008471882825148255	-0.001389729303882955	0.002327564898162372	-0.004954876470065964	-7.371997264682235e-05	-0.001885678078992559	-0.005539905240952132	0.002889522390495192	-0.0023014875618027446	0.00149342934026822	0.0020537268111138463	2.6139521415513022e-05	0.0015058754472206488	0.002358938602225219	-0.00035317575662922055	0.0010927083940871659	0.0009924911501997848	-0.0013786324378666603	-0.0003076859327546653	0.0011423380217954293	-0.0007516419995332477	0.00041462687126331196	-3.158711573277873e-05	-0.00029631187597429587	1.2544782660051345e-06	0.0	-0.0	-0.0	0.0	-0.0	-0.0	0.0	-0.0	-0.0	-0.0	0.0	0.0	0.0	0.0	0.0	0.0	0.0	0.0	0.0	0.0	0.0
GA37	0.00821301175396985	0.004589529832126919	-0.01211018071522167	0.006087775543093985	0.01174033088495805	0.013328503841713198	-0.024494946697184144	-0.005700335859607602	-0.009614471686045463	0.010548392947987312	-0.0058611629987449275	0.0010529414803026613	-0.001918409897570713	-0.00542043731105711	0.001215096568118391	-0.017763245525252814	0.0038789826991391875	-0.009325278891715898	-0.012071120795907487	-0.01130823458049714	0.007073136669135883	0.0011760339633851682	-0.010973002953473216	0.004535028681599143	0.009764388973394779	-0.006523247277231783	-0.01005228123515048	-0.012449226813591157	-0.0005627814357228746	0.0024888205951570327	-0.005147036018488055	0.031131595034799214	0.014859869319835052	-0.0013920403936892828	0.0015495624162886364	0.005646368888984417	-0.003885668236085737	-0.002985780673261961	-0.006868157421900065	-0.005204875723112778	-0.0002459696936042692	-0.00048064832263869774	0.0037801551603474193	0.0019439931644026987	0.00264051589266895	0.0003190348313892366	-0.0003681005288346301	-0.0005073278932144018	0.00017519489287575387	0.00024987269272810475	-2.8543164391714043e-06	0.0	-0.0	-0.0	0.0	-0.0	-0.0	0.0	-0.0	0.0	-0.0	0.0	0.0	0.0	0.0	0.0	0.0	0.0	0.0	0.0	0.0	0.0
GA39	0.02230638260447269	0.003982056482053815	0.00027009981242202624	-0.006536940321487368	0.0010576848919995761	0.002264858390911344	0.005408383898618258	-0.0016237508709612707	0.002800165645788399	-0.003591065478919368	-0.0014858280100442517	0.003871847992849357	-0.0064364132837072055	0.0004884224262080252	0.0020723194387606433	0.0011044626645813815	0.00026489809819298007	-0.00021290470482921477	0.0007453415357191821	0.0028145312420035564	-0.001469107605485204	-0.004604000447414024	-0.003362509188622714	-0.002281498738603823	-0.0004490835443199484	0.0017363134943905337	0.0029257057119860402	-0.0010952903768975774	0.005106555723573016	0.0021940272589293626	-0.0012579851388584524	-0.004522372187767766	0.004609456622357429	0.006940501016961068	0.0017543475340433433	-0.0036936396995879985	0.008258942864099091	0.02006217551010999	-0.014605995728583288	-0.006111259058121569	0.010692416094453285	0.0027695090110009166	0.001885230412134837	-0.006220665258244549	0.0017979386301924004	-0.0037072373637387196	0.0017883580950218692	0.001007664157965686	-0.00014804208245591555	-0.000122389730057695	9.898906273335275e-06	0.0	0.0	0.0	-0.0	-0.0	0.0	-0.0	0.0	0.0	-0.0	0.0	0.0	0.0	0.0	0.0	0.0	0.0	0.0	0.0	0.0	0.0
GA41	-0.00021085755488256842	0.012301298154959842	0.019033626997784683	-0.028068028296454568	0.001432613723570821	-0.018708223893329684	0.012536996306608046	-0.024471749445119397	0.032932956050330385	-0.02788995192029018	-0.0140474960409423	0.060692662425733124	-0.08075458488698925	0.026200459065169625	-0.0022912922547161513	0.0008912831420907896	0.0032784504628437755	0.008213437196587386	-0.01422718417577461	-0.004476033161925124	-0.00860989070165158	0.010313364637934901	-0.0023468720545065445	0.0013206328520649962	-0.004446491453209683	-0.005128244390292984	-0.0011883459167745746	-0.0032351149159506273	0.0007836498955966645	0.000851611169619938	-0.001488045885206378	-0.0005590144400861258	-0.0016508789140698408	-3.11050786087183e-05	0.0008653302857401703	0.0004277875056118814	0.00014554373589596394	-0.002629200356296401	0.0001370389971340357	0.001152217977563539	-0.000336770429441351	0.0002160058377655122	-0.00017096221512892442	-7.473440620795712e-05	-3.3829955543296524e-05	0.00021637855374172013	-0.00045349404734053365	2.308627573959041e-06	-6.095350603477366e-05	-3.6368777820819356e-06	3.276145881536537e-06	0.0	-0.0	-0.0	0.0	0.0	-0.0	0.0	-0.0	-0.0	-0.0	0.0	0.0	0.0	0.0	0.0	0.0	0.0	0.0	0.0	0.0	0.0
GA43	0.019842660053886515	0.006733910649005699	-0.010733287428763413	-0.0010208137638534718	-0.0032044618500523146	-0.004151524306152077	-0.009492495734683788	-0.011934545774419826	-0.0032553359471506737	0.0029192427150191553	0.0031789662190044978	0.00222590702283651	0.0021482516111345075	-0.0019704580982287698	-0.0014501554959524467	0.0033949958828686047	0.0021228064433668195	0.009193224449168005	0.001194767252273926	0.0034968291005391945	0.0003077889430464698	0.0019758811520881494	0.0003167753012472979	0.0019047026541830156	0.004494641713265997	-0.006878103257620064	0.005349431817435497	0.002249039045378163	-0.002381414789515532	-0.004040027659136157	0.003003897448023998	-0.004693625023101879	0.0044736617531224805	0.0033295339166125463	0.0052270668828542826	0.0021534225700818176	-0.008005072164289384	-0.005081624842874777	0.011812068950002006	-0.015545255057065712	0.005749571442253473	0.00926685916314454	-0.0005034019077218254	-0.007725043593746197	0.0047745163871490475	0.0011114957823569315	-0.0033799274165361537	0.0010083989871760583	0.002387590561418136	0.00037709452451368153	-6.054105519704907e-06	0.0	-0.0	-0.0	-0.0	0.0	-0.0	-0.0	-0.0	0.0	-0.0	0.0	0.0	0.0	0.0	0.0	0.0	0.0	0.0	0.0	0.0	0.0
GA45	-0.005264947917473732	0.02805059560316189	-0.011462665137158656	0.07009479354100957	0.04058189007087855	0.0176568746607901	-0.10834320205662103	-0.07494200952479489	-0.05252519190366782	0.0003626879808000663	-0.003882988129076175	0.01143339799859212	0.009745529198209922	0.0199473401173638	0.020451577697217904	0.01340954756810477	-0.005943701714806712	0.014972137342875561	0.0073481472755034215	0.003704323677766637	-0.0015414564563659258	-0.006791896633194815	0.007086727649566885	0.0018425868106297697	-0.00895399380001636	-0.0015024611258380076	0.0011882191420676395	0.002067354028833728	0.0012424149945476366	-0.001764481621699872	0.0019156993656251743	-0.0014627707759926284	0.004117783672574059	0.005056692336952573	-0.0004583696667846408	0.0015273101133934425	-0.00012709338673740525	0.0006241478859813532	-0.0005114988217505875	0.002801820655379784	-0.0007475147848107284	-0.0006156333306200023	-0.001980511455342892	0.0008469617073196814	-0.0011721857076090302	-0.0007017747319322037	0.001150916622159727	0.0001882587394372254	-0.00019199673901017542	-5.614329892572764e-05	1.342146799106677e-05	0.0	0.0	-0.0	0.0	0.0	0.0	0.0	-0.0	-0.0	-0.0	0.0	0.0	0.0	0.0	0.0	0.0	0.0	0.0	0.0	0.0	0.0
GA51	0.03198702144445854	0.008848031673657879	0.008834617238543816	-0.01306757181274679	0.0035411172476339653	-0.014151874676106261	0.006576851600142423	-0.005842579358350859	0.0002804673564075447	-0.0013121396219723462	0.00043986180780049587	-0.00430856404910123	0.0043050458126569395	0.00048776733054367344	0.002670221602947734	3.627820857477284e-05	0.0025198065141302877	-0.001827243045154602	0.0010659761112301403	0.0007978202880463772	-0.0005358017263796175	0.0030003020116621164	0.0014908178083736104	0.0014926437346951384	-0.0007673161585199825	0.0008787449357358433	-0.000801816957808155	-0.0007589771868395003	-0.005110679206729323	-0.0005689919210840078	-0.0018878320897314964	-0.0005078972071817883	-0.00028111485483622536	-0.0026671930162718255	0.001982943810210541	-0.0033187419320356315	-0.004053861980232501	-0.00030674237200187644	-0.004627123483957416	-0.004977587683335113	0.002444503011767027	-0.009263641821362608	-0.01729651665474801	0.006425303866900932	0.0021340837381300143	0.00042962646251689393	-0.003838953330696629	0.006196227121865855	-0.00012295055782324515	-0.0005300206334288416	-4.089846244073679e-05	0.0	-0.0	-0.0	0.0	-0.0	-0.0	-0.0	-0.0	0.0	-0.0	0.0	0.0	0.0	0.0	0.0	0.0	0.0	0.0	0.0	0.0	0.0
GA53	0.01901032272789723	-0.0018133756550202784	-0.0007687338534187124	0.0029002765088671748	-0.0011157753761897326	0.0023559315373286515	0.0009710307613442487	0.001246081432179237	-0.0009869974342674157	0.0012278747694666986	-0.0014847551119201773	0.0011651553121542636	-0.001410405035522229	3.062099806661791e-05	0.00036242572060470155	0.000977423888252825	-0.0005704804593375636	0.00019441397823320928	0.0004051243379471267	-0.0001361153541866889	-0.0006502272222515688	0.001136302180163154	0.0017428868146551382	0.0006522740433382923	-0.0002874222358429933	-0.0006280274379902575	-0.0004411030428797344	-0.0009099837588350912	0.001025533851798166	-0.0004462344189644341	-0.0001564840975250254	-0.001210202689850761	0.0004706506255533485	0.0005884798104192196	-0.0010769131296815514	-0.0018266492688362745	-0.00024051745257652973	-0.0009346749220290813	0.0006497169005675824	-0.0006739779615832491	-0.001763685905275271	-0.0015421059021957643	-0.0012762734895867577	0.0030486880560540684	-0.0007743469498527266	-0.0029482958377415685	-0.0012438911485406694	-0.00034404739557294516	0.0016401659779516457	-0.0019245401673228808	0.0002643267407067668	0.0	0.0	0.0	-0.0	0.0	0.0	0.0	0.0	-0.0	-0.0	0.0	0.0	0.0	0.0	0.0	0.0	0.0	0.0	0.0	0.0	0.0
GA58	0.01730661591579509	-0.0031452501866499937	-0.0019511509364938703	0.004965506163184351	-0.0015338501737466213	0.004556857996075164	0.00024608254233893576	0.001766164295677693	-0.00048542023402226275	0.001170745997809409	-0.0013265610190326866	0.0012694954381415949	-0.0012258541570565524	-0.0003202196592789464	0.00036125479493617047	0.001216464021570524	-4.572564499986843e-06	0.0011672833127671213	-0.0004946898094122359	0.0004991738646589879	-0.0014899838973720491	0.0013505364499652262	-2.2580255837902425e-05	0.001247657108285138	-0.0015572000321248131	-0.0017046297079139508	0.0006522529550101681	-0.0015215760041501951	0.00010933161886914704	-0.0012046631007379296	-0.0003728217234805144	-0.0007718549569668039	-0.0006498535765587035	0.0013734759008847493	0.00012530725754653275	-5.688315179529794e-05	0.000953304367965864	-0.0005383506658258086	0.001108623140592038	0.0006634964536091576	-0.00048550148689286993	-0.0004349338296786529	0.00027608338766820656	0.0007123549511178553	6.058220254566007e-05	-0.0003622163755475688	-0.0006904809416490256	5.798282987565328e-05	0.00042701924504206547	-0.0004038582809984113	-7.386785577170989e-05	-0.0	-0.0	-0.0	-0.0	-0.0	-0.0	0.0	-0.0	-0.0	-0.0	0.0	0.0	0.0	0.0	0.0	0.0	0.0	0.0	0.0	0.0	0.0
GA59	-0.08746105401997935	-0.336383044738213	-0.028823157676502665	-0.019640740606377678	0.08155766278249915	0.0010015103827564233	0.0044329398747623905	-0.00832494023722749	0.0035261632482929653	0.003493431576549837	0.0033194666423432204	0.005019508447485885	0.00219233158750571	-0.0020497735225391703	0.0027811916186778313	0.00026607882574393644	0.001172033931963185	-0.0016425610703524561	0.0003047406037940276	-0.0006107050047909268	0.002232617389195685	0.0004649233057189877	0.004058569255368305	-0.0023689667319451123	0.0026707462534821336	-4.714415790567282e-05	-0.0032467504643467334	-0.001120798843992759	0.0005487251483401908	-0.002069866493267578	0.00045172006555994914	-0.0012592145021069695	0.0009454630793184761	-0.0008015934625030572	0.0021459517609000835	-0.0005869028447563931	0.0005119647031169484	0.0012487334102912835	0.0010145448642294573	-0.0006168830320666888	-0.0005053039251790299	0.0005423108413144117	-0.0011280357310943258	0.0003090033097607844	-0.00033372580408962897	-9.069028015642306e-05	0.00023010532200230433	5.6723078311386854e-05	-0.0001928984745387215	0.00010621666268021898	-2.805315918841709e-06	0.0	-0.0	-0.0	0.0	0.0	-0.0	0.0	-0.0	0.0	-0.0	0.0	0.0	0.0	0.0	0.0	0.0	0.0	0.0	0.0	0.0	0.0
GA60	0.016019476003538553	-0.002227228043980139	0.001096261913520439	0.008477236419661633	0.004051607149038374	0.005700028801868929	-0.0066083665430446935	0.0011997223920904843	-0.003467264233883869	-0.0007894053465187372	-0.005456154041075513	-0.0008287404185532152	-0.0019031129211074308	-0.001828976925641263	0.0019498493035681012	0.0013307365573427604	-0.002996690952269094	6.183858175622711e-05	-0.001710918064155748	-0.00010381367474428874	0.001131506547026127	0.001982333918031759	-0.000825737668590692	-3.074849387382426e-05	-0.0026515937200380715	-0.0016563341282480124	-1.3908576977640471e-05	-0.002961931123416431	0.0009300529110715196	-0.00190233944062266	-0.00016523325121290286	-0.0002344530943299236	0.0012056722616526842	0.002195544645597516	0.0005432585143595458	-0.00037779838385226013	0.0010475856522949084	-0.0004516669366819887	0.0012332983046621164	0.0014767023850160233	0.0003651192361661391	0.0005696121260684006	-0.0019094836179902942	0.002094338929517761	-0.0030408308685971218	-0.001651883294709432	0.002740299109118343	0.0016683115361555984	-0.0019931512884452923	-1.7043213803285134e-05	-7.80326403253743e-06	0.0	0.0	-0.0	-0.0	-0.0	-0.0	0.0	-0.0	0.0	-0.0	0.0	0.0	0.0	0.0	0.0	0.0	0.0	0.0	0.0	0.0	0.0
GA63	0.021618922827179844	0.0024598679040297193	0.012087259244940904	-0.005285019924286355	0.022272343803072185	0.02533124537054581	-0.04663161600125747	0.01870112189003913	0.008255978574888962	-0.003924837284671851	-0.07298111158928135	-0.05509148488282264	-0.037610575599988316	-0.0393567104288594	-0.03140328598522768	-0.003267413668485215	0.014572649691734644	0.007037039770038102	0.009354306006328382	-0.003974097424438876	-0.006557769448587398	-8.780004984823762e-05	0.0044305274537644705	0.0013083755668824304	-0.0034379141708214284	-0.0006935879058132875	0.0017361840687859073	-0.0022333356652766106	0.0006860089267272607	-0.00190901484113625	0.0009239541371640398	-0.0027918277935828862	-0.0004355116225035972	0.0007202061086803452	0.0005265875007722497	-0.0009582305055966077	0.0003100806179938788	7.707102111285473e-05	0.0006879259134991491	0.00010087408011720021	-3.506138657921153e-05	-0.00015508375333698245	-0.0006702329636638172	2.9520467206924345e-06	-0.0003754780902867564	-0.000132259489157887	2.3835262841451493e-05	4.058127712175669e-05	-3.99445200076955e-05	-2.005550875250898e-05	6.257412330474865e-08	0.0	-0.0	-0.0	0.0	0.0	-0.0	0.0	-0.0	0.0	-0.0	0.0	0.0	0.0	0.0	0.0	0.0	0.0	0.0	0.0	0.0	0.0
GA71	-0.003051649175197914	0.020892480402539763	0.02454996432313973	0.006186225179970106	-0.00017666458894332774	0.03496076229869577	0.00821389182514423	0.009723259632003715	0.05743507963111107	0.08463308609129097	0.033930128979240776	-0.032718302428223704	-0.027258033089537524	0.007507752796540167	0.024310449671328192	0.031225434120301956	-0.013383302485705378	0.008229109280391726	-0.0015909955044262005	0.0030162377314839166	0.007992327072371838	-0.0009573946976245332	0.007641191989449383	0.006813199447792524	3.179638867535776e-05	-0.00658878098709838	-0.0017619579091925422	-0.00371262492312572	0.00025877136716470015	-0.00033726066397925513	-0.0005958623298821082	8.645003372677533e-05	0.0027338248900278237	0.002476419172342138	0.0017233694368658256	-0.0004402637677903379	6.482770099372673e-06	0.0004817472263724901	-0.000383420247277286	0.0002771742427359177	-0.0018752814872125417	-0.001704690356308299	-0.0002503235433090722	-0.0005405263844118154	-9.172504463767098e-05	-3.154831609819041e-05	-6.149405151935691e-05	-0.00021331342322814906	0.0001562539254137136	0.00010708912053322681	5.95498105250388e-06	0.0	-0.0	-0.0	0.0	0.0	-0.0	0.0	-0.0	-0.0	-0.0	0.0	0.0	0.0	0.0	0.0	0.0	0.0	0.0	0.0	0.0	0.0
GA72	-0.6226460519025038	0.041505543955762926	0.11996681080281281	-0.0749988937228564	0.003944840124676187	-0.002665859593818379	-0.010762730936399229	-0.007369399440867643	0.0005498407825446662	-0.003653716794960911	0.0009791311493228076	-0.0036980680940104952	0.0027532852792566303	-0.0018078700589382853	-0.0007785618569444708	0.0002597912365400477	8.717851759899885e-06	-0.000522126798267052	0.001981612077691929	0.00040767433106108036	-0.00013089802841434117	-0.001297654663667784	-0.000459424138611002	-8.482694653030175e-05	0.0012624639147901168	0.0006483151009667605	0.0003462738894702886	0.0009050277676319658	8.826990405073302e-05	0.00033636196638948	0.000305152290859472	0.0004821969498522901	-0.00021472680588986842	0.00017573663347176223	0.00021085773603119024	0.0002097689254882012	-0.000301837484350612	-2.4575049175587797e-06	-0.00028179509161662173	-0.00023963988654335407	-8.403380635133079e-05	3.163162209072058e-05	-1.7220328358416108e-05	-0.0001814637066129959	0.0001063611881985734	5.303826225598808e-05	9.405545033946505e-06	2.458414422596217e-06	1.7759937765447723e-05	-8.810511914093235e-06	3.0562944171999077e-07	0.0	-0.0	-0.0	0.0	-0.0	-0.0	0.0	-0.0	-0.0	-0.0	0.0	0.0	0.0	0.0	0.0	0.0	0.0	0.0	0.0	0.0	0.0
GA74	0.03644646419008176	0.013044367358555723	0.012080162648157283	-0.01981077466302414	0.005335558845522617	-0.022531997370053198	0.01096159251599007	-0.008598316862304292	-0.002547918105741013	0.0005798035370480459	0.001003957054228592	-0.0048644950273740075	0.00209358564155935	-0.0026012667312713426	-0.0033106520422885653	-0.0012848290591134133	-0.009366843107697828	0.0032616009847812226	0.0028411605370621705	0.0002968011005396675	0.0005517238721739467	-0.002802901031787394	0.0028810656260576674	-0.0005746949782711924	0.003848930937335676	0.003517933642208805	0.0013588473909434534	0.0007426932680082138	0.0014661329528583436	-0.0010569611834574393	0.006982043529853174	0.006274141652633853	0.0038723063461703375	0.0033111970875417183	-0.001321072293504687	0.0068320789970140565	0.014199932919569737	0.0015240579319907618	0.0010836353498919194	-0.0006343954960872672	-0.0072997308643032105	0.011400903059284071	-0.00182967718902827	-0.0017089814227710986	-0.005120523304522442	0.0035897028927769064	-0.007543364952269176	0.0013511423938578303	-0.002663155087020718	-0.0005074894073516174	-1.3411714444897597e-05	0.0	-0.0	-0.0	0.0	-0.0	-0.0	0.0	-0.0	-0.0	-0.0	0.0	0.0	0.0	0.0	0.0	0.0	0.0	0.0	0.0	0.0	0.0
GA78	0.014085667898529518	0.011299169487731365	-0.00463379822175421	-0.006575814704622625	0.006935881601692044	0.0013210668218773254	-0.0022187874468834455	0.018925128100082952	0.008876745069012428	-0.008756097719876134	0.006240917842736917	-0.0007681549854613494	0.0034105775415800075	0.00586235501546416	-0.0013923852895711918	-0.00029431163519077656	0.0023475821901637836	0.0016796567105401136	0.005629116964632722	-0.00898489799009396	-0.0010726052863462975	0.0012686050461521966	-0.004136548832766525	-0.0008419145270210148	-0.014181083232343069	-0.005476135258894384	-0.018989748964595262	0.02994201357906086	0.01719893355266891	-0.00845300642982117	0.0056569355496656005	-0.005674927259831038	0.004843813246461001	0.0016219463803821882	0.0038801508229974893	-0.000978006960440776	-0.0011686577541266238	0.0014372592864517798	-0.003952022040212104	-0.007271361589157763	-0.0063290662669778005	-0.0015513338659468494	0.005885880676903647	0.008098492784285316	0.004006068317196576	0.0024037727783866357	-0.0010303664015799234	-0.0010693560805705635	-0.0009547911183416729	-2.5944604900626233e-05	-5.429293465266768e-05	0.0	-0.0	-0.0	-0.0	-0.0	-0.0	-0.0	-0.0	0.0	-0.0	0.0	0.0	0.0	0.0	0.0	0.0	0.0	0.0	0.0	0.0	0.0
GA82	-0.012768166313224815	0.01905124570389387	-0.015761121690228776	-0.018385180807442798	0.02633744955415412	0.008221892816863748	-0.02221664395710072	0.0691554164864884	0.004327008274944935	-0.010967991540872994	0.017462236820323853	-0.002874765741975819	0.015188928799301058	0.027150944627049915	0.0060663662639348845	-0.03798538419939027	-0.00405307117654741	0.007672346931776076	-0.016848605225495514	-0.027397304544046985	-0.01809440053700947	-0.020193757715877513	0.018743214913388706	0.01421616227177731	0.0004064893409164979	-0.009901090120068583	-0.000985082186609534	-0.009789426645415662	-0.0009802733767617002	-0.00022597741306981876	0.006497969434080413	-0.00814175873599733	-0.0002579517221980481	0.000997896603506867	-0.0023223146395388665	0.0024857819303136163	-0.00018171593132982784	-0.00020108084756357428	0.0002624397595708224	0.0006223074142349665	0.0009338726376308735	0.0012210746647108516	-0.0021660490958654226	-0.0007450444233684594	-0.0003584871120084192	-0.00046809377081932714	0.0007665498484806637	0.0002980290901637056	0.00013269690135141662	3.035872519121847e-05	5.811181814998241e-06	0.0	-0.0	-0.0	0.0	0.0	-0.0	0.0	-0.0	-0.0	-0.0	0.0	0.0	0.0	0.0	0.0	0.0	0.0	0.0	0.0	0.0	0.0
GA84	0.01853772582920634	-0.002187620841885082	-0.0011466797401788811	0.0036739895479182302	-0.0011709770849730001	0.0036532563226732706	0.0003986836870262004	0.0013071357522721338	0.0002532524569046659	0.0007344933520970965	-0.0012472673008604683	0.0011969618826768425	-0.0015499224372834076	0.00037837858575753987	0.000440469126215931	0.001467167761047343	0.0010456172242082648	0.0007679250919165418	-0.0002170033337587451	-0.00036421711807243216	-0.000369851794083295	0.000883068057510399	0.001061173075764534	0.00015377510763787435	0.0006358471585717276	-0.00039670572404758997	0.0008661203538460641	-0.0012098662136681793	-7.348439859328512e-05	-0.0003030289098195398	0.0006263955055903466	-0.002197786496792662	0.0018697776301103898	0.00029001880385505746	0.00016532766722553613	0.0008974466863769064	0.0003382519249785409	0.0003159648748717876	0.00039537662778923907	-9.815206911750385e-05	0.0019344931360435172	-0.0006650891211067605	-0.0013069160892073897	0.0006690011651141188	-0.0001641038078756296	0.0013813272425559186	-0.002289284331380276	-0.0014731489238178515	-0.0015624782056762386	0.0040118437604800645	0.0001281903324549368	0.0	0.0	0.0	-0.0	0.0	0.0	0.0	0.0	-0.0	-0.0	0.0	0.0	0.0	0.0	0.0	0.0	0.0	0.0	0.0	0.0	0.0
GA85	0.006559955294903003	0.020273745386445618	-0.020898242890645274	-0.005141454328910781	-0.0015008456460184627	0.03336858767645177	-0.03314776049988667	-0.026076991745039545	0.0029706504218434977	0.043261969596556066	0.024543052503825748	0.021371319376719017	0.014759864718859794	-0.00485531224051234	-0.03214315896182055	-0.017343762910032496	0.009276472946634291	0.011130077056913363	0.002316025904368823	-0.010468160118493983	-0.015789237053007527	0.019457429077599685	-0.00817482872206159	0.0008475827188492298	0.028155868053775457	0.011147343842556364	0.001056512429908936	0.0008219061491189825	-0.004356290601397381	-0.0017762838812365287	-0.004658939818810839	-0.008204750382732282	-0.010992466206714437	-0.0024499003727672265	0.0028406763265033767	-0.00533428601071412	0.004128151506562546	0.00030467355024781497	-0.002768021560190427	-0.0028093687910154576	-0.0044852263900466835	-0.0020948869024975344	0.002312708152839773	-0.0002389419519582593	0.001378526738517721	0.0012199485369221296	-0.00039485082231398197	-0.0005344364954016124	-0.0005660824054457025	-0.00013229923791138924	-2.1047003465277267e-05	0.0	-0.0	-0.0	0.0	-0.0	-0.0	-0.0	-0.0	0.0	-0.0	0.0	0.0	0.0	0.0	0.0	0.0	0.0	0.0	0.0	0.0	0.0
GA88	0.01620444543230988	0.009178380113996486	0.0028266343285459163	-0.01044854923629284	0.002831512276124935	0.02587782224548153	-0.004618254044394485	0.005202121043471699	0.010076368823542	0.021172400998990686	0.010641597784242004	0.004732273064892566	0.0034718044755718673	0.00484732137629647	-0.018168647654899183	-0.015535442585046124	0.004648029132379098	-0.0044614018432328735	-0.0019549595506845982	-0.006884224396685037	-0.0024763134198800096	0.0034912251814844075	-0.009224128902793245	-0.006771529244294022	-0.007709348547168428	0.0027172801988710757	-0.012841095447555975	0.027074238059395447	0.004934674089673749	0.008867625419083938	-0.0045463569067589445	0.009091211027520994	0.006170904703432927	-0.001039265461261124	0.000774774387252997	-0.0014819563165692697	-0.00012818092302926292	0.00018058970991471421	0.007141443607022572	0.007640847711117899	0.004807407070190728	0.0021230986890905836	-0.00850321446759897	-0.00798362788485876	-0.00468357930600132	-0.0029232125100774817	0.001997911961111211	0.001593390786031946	0.001182029989923769	0.000435954862229113	4.0085708797667586e-05	0.0	0.0	0.0	0.0	0.0	0.0	0.0	0.0	-0.0	-0.0	0.0	0.0	0.0	0.0	0.0	0.0	0.0	0.0	0.0	0.0	0.0
GA91	-0.007889147135483384	-0.02145236491409108	0.00622472379994366	0.006957394393726063	-0.07335698843034576	0.05084605465474723	0.04946673350418928	-0.011208020150583088	-0.033216487919892276	-0.027431879767217664	-0.010591325316606344	-0.01609985420213918	0.005880741276843216	-0.0016702112452230467	0.025302255351148294	0.022551785110693185	-0.006330267998974899	0.004093522381280405	0.003925391152378698	-0.030100548287972297	-0.02717402677637872	0.007937936883380575	-0.0036983019233947554	0.002489038606236843	0.0010401276635849535	0.011238628213803383	-0.004583480774833522	-0.004663441652831778	0.006058910702540725	-0.0015701481061988639	-0.0007748329776302584	0.0014633139687695077	0.0046976542765741714	-0.0040177298591014205	0.005067502070992725	-0.0004959109758183903	0.0004761407959752942	-0.00035690255208760396	-0.0012675477982958417	0.0012863921798414541	-0.005290449987916376	-0.00498465092047113	-0.0010308994091571477	-0.007528933929240446	-0.0002010919025245166	0.0008246148878925562	-0.001268592788902821	-0.0008875752972999478	0.0013202575067249884	-3.689292478866531e-05	2.97648311350407e-05	0.0	0.0	-0.0	0.0	0.0	0.0	0.0	0.0	-0.0	-0.0	0.0	0.0	0.0	0.0	0.0	0.0	0.0	0.0	0.0	0.0	0.0
GA93	0.017306615915795062	-0.0031452501866499833	-0.0019511509364938426	0.004965506163184336	-0.0015338501737466213	0.004556857996075152	0.0002460825423389279	0.0017661642956776841	-0.00048542023402225776	0.0011707459978094205	-0.0013265610190326827	0.0012694954381415914	-0.0012258541570565685	-0.0003202196592789949	0.00036125479493621704	0.001216464021570533	-4.572564500049921e-06	0.001167283312767136	-0.0004946898094121884	0.0004991738646589358	-0.0014899838973721393	0.0013505364499653634	-2.258025583792891e-05	0.0012476571082849879	-0.0015572000321248918	-0.0017046297079138673	0.0006522529550102259	-0.0015215760041502786	0.00010933161886918138	-0.0012046631007379405	-0.00037282172348045286	-0.0007718549569668263	-0.0006498535765587003	0.0013734759008847137	0.00012530725754647328	-5.6883151795275965e-05	0.0009533043679657608	-0.0005383506658259153	0.0011086231405921622	0.0006634964536090917	-0.0004855014868929299	-0.0004349338296785996	0.0002760833876682949	0.0007123549511178506	6.058220254554985e-05	-0.0003622163755477346	-0.0006904809416490287	5.798282987541628e-05	0.00042701924504218945	-0.0004038582809984373	-7.386785577271197e-05	-0.0	0.0	0.0	-0.0	0.0	0.0	-0.0	0.0	0.0	-0.0	0.0	0.0	0.0	0.0	0.0	0.0	0.0	0.0	0.0	0.0	0.0
GB106	0.022421859308584074	0.0007195686190337179	0.0015349501456861335	-0.0016714845020340751	-0.0003259602599016583	-0.0017026302403707956	0.002612708993720575	-0.0009348361069106345	-0.0006477467274583951	0.0007024358574240598	-0.0012402761707456143	-0.0009200653102012273	0.0017770206534851085	-0.0008331412824129491	0.0016049864375842899	0.0010074477873462026	0.0006275186877096562	0.0021320449178494033	-0.00016110140857855117	-0.0021611679214354517	-0.0014258101695356483	-0.00035643130731733335	-0.004007847090706121	0.0015724168075089541	-0.002588616807764682	-0.0009933929475821098	0.002246820691929624	-0.0018108140698449649	-0.001265395750191616	-0.00016934780628873194	0.0003971783142082595	0.000893438910391794	-0.002514755092921401	0.003190565928603197	-0.0003869919661199664	-0.0021899984088875335	0.002479287031751175	-0.0035612736973265457	-0.000474180971821071	0.004327493466953381	-0.004123025058082216	-0.0008075313086207006	-0.0008041910333725643	-0.0006020979369887047	0.0015122204335754807	-0.004460163013104591	-0.001141375295610832	0.00046019677766219176	-0.002415400442505726	0.004772647384570205	-0.0002686953024900615	0.0	-0.0	-0.0	-0.0	-0.0	-0.0	-0.0	-0.0	0.0	-0.0	0.0	0.0	0.0	0.0	0.0	0.0	0.0	0.0	0.0	0.0	0.0
GB107	0.01730661591579506	-0.0031452501866499785	-0.0019511509364938413	0.004965506163184333	-0.0015338501737466132	0.00455685799607515	0.0002460825423389279	0.0017661642956776874	-0.0004854202340222524	0.00117074599780942	-0.001326561019032678	0.0012694954381415983	-0.0012258541570565717	-0.00032021965927900113	0.000361254794936228	0.0012164640215705303	-4.572564500017751e-06	0.0011672833127671421	-0.0004946898094121884	0.0004991738646589141	-0.0014899838973721372	0.001350536449965346	-2.258025583792084e-05	0.0012476571082849352	-0.0015572000321248764	-0.0017046297079138753	0.0006522529550102448	-0.001521576004150266	0.00010933161886918081	-0.0012046631007379348	-0.0003728217234804774	-0.0007718549569667946	-0.000649853576558694	0.001373475900884733	0.00012530725754647588	-5.688315179529868e-05	0.0009533043679658251	-0.0005383506658258593	0.0011086231405921204	0.0006634964536090881	-0.0004855014868929767	-0.00043493382967859935	0.0002760833876683244	0.0007123549511178392	6.058220254548216e-05	-0.0003622163755477683	-0.0006904809416490522	5.798282987540992e-05	0.0004270192450421613	-0.00040385828099858296	-7.386785577308444e-05	-0.0	-0.0	0.0	0.0	-0.0	0.0	0.0	0.0	0.0	-0.0	0.0	0.0	0.0	0.0	0.0	0.0	0.0	0.0	0.0	0.0	0.0
GB112	0.015393214782842772	0.002697780971394469	0.0037872026951510864	0.0005065767752308413	0.011374806398426762	0.013849628242102431	-0.014154238576525757	-0.005092621293265598	-0.005105782577481144	0.0054826297058971265	-0.0018574089283305102	-0.0006819399680111863	0.00020924751709764782	0.0032196420793814077	0.0007676918527718876	-0.008187229443035442	-0.004044432565016044	-0.00402611952889017	-0.0026811146399582206	-0.0066195915734537985	0.009819798719386746	-0.007251608634909711	0.005965241956406179	-0.008253897403661864	-0.009792109193232205	0.0050226652991327905	-0.008675745736684046	-0.004742039624098822	-0.000539131614976893	0.016226166039898012	-0.007959179301949252	-0.0003999647492395975	-0.008273562338296674	-0.0003476844066987194	0.001802922458925763	-0.007326793397935061	-0.0011883412433642082	0.005823092846564969	0.002213670717826386	0.005030031811613418	0.008874991768668882	-0.0023407415710643663	0.002061690694975246	0.001853846286263477	0.0018373622043494594	0.004768428651187438	-0.009172961816318298	-0.004419209055012597	0.0011854428138452441	0.000569675139882741	3.957704971125775e-06	0.0	-0.0	-0.0	-0.0	0.0	-0.0	0.0	-0.0	-0.0	-0.0	0.0	0.0	0.0	0.0	0.0	0.0	0.0	0.0	0.0	0.0	0.0
GB116	0.01939738431854104	-0.0013691944291529153	-0.000790206930727161	0.002407611922473666	-0.001047803643294373	0.0024458499278126344	0.0008496084529063852	0.000495624528477351	2.0242521878103432e-07	0.0007303473229944031	-0.0008250192447345975	-0.00034279062294650817	-0.0001838979998037922	-0.0004321331295864309	-4.7764682117799865e-05	0.0007738534928554833	-0.00025280146997705704	0.0018626841661381827	-0.00033735923841577586	-0.0004078313152820141	0.0004837375193852275	-0.00032696351551755106	0.001469767507308443	0.00024087110373145082	0.0005251663099492158	3.6446718835364927e-05	0.0013146781480230854	-0.0013625620669444904	0.0016892208355629482	0.00018747671290162652	0.0010513211390430148	-0.0009761017787870557	0.0003287862683446758	0.0020591747618079782	0.002136103360276119	-0.0004928195841201707	-0.00018861697029883462	3.0747741291198444e-05	-0.0005740737153457249	-0.0010074674803241947	-0.0002983026576292251	0.002409359942774563	0.0014474991276252325	2.422674698702377e-05	-0.004740102800737231	-0.002828490747861985	0.0018982953472923654	-0.0031557815012476114	0.0007005452883798019	-0.0008180214326663077	-0.00045481507948905793	0.0	-0.0	-0.0	0.0	-0.0	-0.0	-0.0	-0.0	0.0	-0.0	0.0	0.0	0.0	0.0	0.0	0.0	0.0	0.0	0.0	0.0	0.0
GB139	0.017306615915795062	-0.0031452501866499833	-0.0019511509364938426	0.004965506163184336	-0.0015338501737466213	0.004556857996075153	0.0002460825423389279	0.0017661642956776817	-0.0004854202340222547	0.001170745997809417	-0.0013265610190326836	0.0012694954381415888	-0.0012258541570565643	-0.0003202196592789886	0.0003612547949362105	0.0012164640215705303	-4.572564500063167e-06	0.0011672833127671287	-0.000494689809412192	0.0004991738646589478	-0.0014899838973721382	0.0013505364499653552	-2.25802558379279e-05	0.0012476571082849811	-0.0015572000321248949	-0.0017046297079138595	0.0006522529550102494	-0.0015215760041502762	0.00010933161886916772	-0.0012046631007379405	-0.00037282172348045324	-0.000771854956966829	-0.0006498535765586866	0.0013734759008847228	0.0001253072575464664	-5.6883151795277456e-05	0.000953304367965768	-0.0005383506658258996	0.0011086231405921434	0.0006634964536090835	-0.0004855014868929142	-0.000434933829678588	0.0002760833876683253	0.000712354951117872	6.0582202545534785e-05	-0.0003622163755477528	-0.0006904809416489962	5.79828298753918e-05	0.0004270192450421799	-0.0004038582809984534	-7.386785577306483e-05	-0.0	0.0	0.0	0.0	0.0	0.0	-0.0	-0.0	-0.0	-0.0	0.0	0.0	0.0	0.0	0.0	0.0	0.0	0.0	0.0	0.0	0.0
GB144	0.004931858726790084	0.014950282116036148	0.005085952170372902	0.0013208983041792868	0.023683966410826027	0.01033891775183324	-0.0359703548485872	0.033098232550014865	-0.00643606494652233	-0.01993216120903411	-0.012909476525725633	-0.00953531479134796	0.003334154098885742	-0.0004222394941380535	0.011837547983512532	0.006293502765984529	-0.034132459572350206	-0.015809178628765956	-0.04203845364941941	-0.009190225141875827	0.027610860040465812	0.02133444766318496	-0.0204073567329314	-0.011780033449560792	0.007799825562829133	0.006394328519605053	0.007759793851014147	0.002789224596720691	0.0004098169592710015	-0.006704602280846145	0.001344306894792654	-0.007694315670932555	-0.001529827146013425	0.0002638314130092006	6.79496884449732e-05	-0.0012165040392135367	0.0008101556261180337	0.000679013104728014	0.0014502778929117006	4.514142434348936e-05	-0.00048744923462558756	5.5504375191515784e-05	-0.0011242459257453231	-0.00048522503828500954	-0.00015818983676944034	-5.8545890601804546e-05	3.417652919710356e-05	0.00018219981523762718	5.84461635766234e-05	-7.120235082839578e-05	-2.774954701935074e-07	0.0	-0.0	-0.0	0.0	0.0	-0.0	0.0	-0.0	-0.0	-0.0	0.0	0.0	0.0	0.0	0.0	0.0	0.0	0.0	0.0	0.0	0.0
GB145	0.05653545308896265	0.031002886218122402	0.02815930201447828	-0.04742325100083434	0.014908658733429394	-0.05840474515617505	0.025060395616573444	-0.027766795652202247	-0.00010714540793998872	-0.0069390920121831425	0.006084000577191834	-0.010459504588292066	0.005623360257309544	-0.0017138749273034662	-0.0022202021284369066	-0.0018661510466778338	0.0010380219182883307	-0.002317072991792934	0.0037393433522904646	-0.006186510304893109	0.005266856946458736	-0.0012383890571086807	0.004604808027403697	-0.0023345279078879288	0.0038741699442856304	0.0023166031534834087	0.00031821988312613305	-0.0020953267491965705	0.0006977084002664632	-0.0001494857673660957	0.0013287372692287248	-0.002122245623013258	0.002771284876574995	-0.0015868461332266218	0.0029421749954165895	0.0003189046739003696	-0.001571832046925001	0.002540534955550533	-0.00017056803720186438	7.951207117444128e-05	0.0009318739451578949	-0.00026926215782404727	-0.0015287280820781765	-0.0001993126299110242	0.0003085897911511238	0.00149312197214688	0.0006923613332209017	0.0008780438821016181	-0.0008659884794783633	0.000466877086722989	-2.8467659782126214e-06	0.0	0.0	-0.0	-0.0	-0.0	0.0	0.0	-0.0	0.0	-0.0	0.0	0.0	0.0	0.0	0.0	0.0	0.0	0.0	0.0	0.0	0.0
GB156	0.017306615915795062	-0.0031452501866499833	-0.0019511509364938426	0.004965506163184336	-0.0015338501737466213	0.004556857996075153	0.0002460825423389279	0.0017661642956776841	-0.00048542023402225776	0.001170745997809419	-0.0013265610190326808	0.0012694954381415918	-0.001225854157056572	-0.00032021965927900113	0.00036125479493622506	0.001216464021570533	-4.572564500043613e-06	0.0011672833127671471	-0.0004946898094121968	0.0004991738646589513	-0.0014899838973721393	0.0013505364499653474	-2.2580255837923865e-05	0.0012476571082849909	-0.0015572000321248823	-0.0017046297079138394	0.0006522529550102394	-0.0015215760041502825	0.00010933161886917758	-0.0012046631007379463	-0.00037282172348047167	-0.0007718549569668144	-0.0006498535765586884	0.0013734759008847252	0.0001253072575464916	-5.688315179528949e-05	0.0009533043679657811	-0.0005383506658259128	0.0011086231405921505	0.0006634964536090691	-0.0004855014868929405	-0.0004349338296785826	0.0002760833876683062	0.000712354951117817	6.058220254553486e-05	-0.0003622163755477683	-0.0006904809416490307	5.798282987541218e-05	0.0004270192450422438	-0.0004038582809985057	-7.386785577338689e-05	-0.0	0.0	0.0	-0.0	0.0	-0.0	0.0	0.0	-0.0	-0.0	0.0	0.0	0.0	0.0	0.0	0.0	0.0	0.0	0.0	0.0	0.0
GB160	0.04141979323443267	-0.0125771887534392	0.021365983176481525	-0.042076458717660435	0.031223248515275033	-0.039317812055580444	0.0201390777653498	-0.038032727092082365	0.01986958632297062	-0.015840832894806655	0.01694739585068019	-0.030373723641013345	0.028124057033652134	-0.01186779974475556	-0.000902534512141128	-0.009704443695804225	-0.00368796540275187	0.027005336563008114	-0.020990047677495943	0.013056900039201942	-0.016515696939355735	0.008159189914951428	-0.024221342001730616	0.01296190370469604	-0.017907765747393736	-0.010719018836578371	0.010213787346749867	0.001500727464214613	0.001157329895544095	0.006008142765633033	-0.004020745969711635	0.003387685097982777	-0.004379468814549597	0.00391142215259818	-0.0077441994171508375	-0.0005767217110914577	0.0017712050329798375	-0.0031664797123379823	-0.0013991197792059885	0.001395091337970422	0.0012463343070032423	-0.0017812163666803902	0.0031732892229516907	0.0002497133301009429	0.0005392692709398604	-0.0006233379908508116	-0.0007592701321125287	-0.0007627191159984746	0.0009389117122688629	-0.0004280464602279445	2.1333216333902656e-05	0.0	0.0	0.0	-0.0	0.0	0.0	0.0	0.0	-0.0	-0.0	0.0	0.0	0.0	0.0	0.0	0.0	0.0	0.0	0.0	0.0	0.0
GB162	0.017306615915795055	-0.0031452501866499833	-0.001951150936493845	0.004965506163184336	-0.0015338501737466172	0.004556857996075161	0.0002460825423389305	0.001766164295677694	-0.0004854202340222575	0.001170745997809411	-0.0013265610190326836	0.001269495438141594	-0.00122585415705657	-0.0003202196592789855	0.0003612547949362127	0.001216464021570524	-4.5725645000442435e-06	0.0011672833127671532	-0.0004946898094121971	0.0004991738646589513	-0.0014899838973721372	0.0013505364499653524	-2.2580255837934206e-05	0.0012476571082849744	-0.0015572000321248645	-0.0017046297079138966	0.0006522529550102222	-0.0015215760041502701	0.00010933161886918442	-0.001204663100737929	-0.00037282172348046175	-0.0007718549569668165	-0.0006498535765586934	0.0013734759008847408	0.00012530725754646954	-5.688315179530335e-05	0.0009533043679657933	-0.0005383506658258982	0.0011086231405921484	0.0006634964536090844	-0.00048550148689292463	-0.00043493382967858466	0.00027608338766831064	0.0007123549511178315	6.058220254555234e-05	-0.0003622163755477255	-0.0006904809416490187	5.7982829875391694e-05	0.0004270192450421784	-0.000403858280998478	-7.386785577262281e-05	-0.0	-0.0	-0.0	0.0	-0.0	0.0	-0.0	0.0	-0.0	-0.0	0.0	0.0	0.0	0.0	0.0	0.0	0.0	0.0	0.0	0.0	0.0
GB166	0.04637047911680359	0.021660930529039172	0.019173139489515673	-0.03273902562878379	0.009177465178719523	-0.0367364172984766	0.015449666707362973	-0.017282311647135024	0.002588146646492949	-0.005809039682349434	0.0036275909940349585	-0.006908656235371807	0.0037361824501942506	0.0008896936236676595	0.0016794944674805997	0.0009095565872480767	0.00746316724231914	6.510960095044386e-05	0.003299873541959469	-0.008909706600775938	0.010353517603751814	-0.004399994866587286	0.005073191331000842	-0.007750458462200706	0.006331515357712334	0.008146756405573812	-0.00439226344037192	-0.0009949413067249012	-0.0036572328825108793	0.0016238991638241947	0.0022614379391149575	-0.004206611070900238	0.0029661517086734604	0.002169007813952992	0.004239711476573467	-0.006149925755821729	-0.0018189850766051306	-0.00904185316305499	-0.00567130690286687	-0.004976098644010348	-0.00043217472401509556	0.0037696523075766942	-0.004192215864754789	0.004064834136129446	-0.0058180141197706646	-0.007855957150451842	-0.0005799781993992949	-0.005740375682177463	0.001479207867841329	-0.000413232321195555	3.553293445073233e-05	0.0	0.0	0.0	0.0	0.0	0.0	0.0	0.0	-0.0	-0.0	0.0	0.0	0.0	0.0	0.0	0.0	0.0	0.0	0.0	0.0	0.0
GB167	-0.024628150803930188	-0.05887833449879676	0.016273894928935998	0.040365954461737276	-0.1341842090927508	-0.01597049597722889	-0.005246895257306228	0.004295040607120664	-0.004487394518634031	0.0013741498942221094	-0.0008283234936561615	-0.016419510096048365	0.005842069289598272	0.02682395833028109	-0.011149689510491617	0.016636479989044908	-0.001189364758128414	0.005899948926228571	0.004987654327158302	-0.02057303411577099	-0.004907570399198597	0.015250381328842492	0.008968508336784786	-0.013803248355460719	0.00012033703940142183	-0.004442442138383644	0.009968380447222334	0.005492489931862102	-0.0027619010835676877	0.004175498790534202	0.0038049629061039955	0.008197534152567161	-0.007170467619702698	-0.0010109839539701889	-0.008943705904744961	0.002371973924014694	-0.0014588641417321718	-0.0008971667973591743	0.00023141462430889263	-0.0011433346866432355	0.010371538431956625	0.004932291149087579	0.0025695301633952895	0.006726219974787829	0.0002143799369624983	-0.000563846999548821	0.0008222833370262146	0.0008005795431974586	-0.001230716770700679	-0.0001522442644491355	-2.19253701560082e-05	0.0	-0.0	-0.0	-0.0	-0.0	-0.0	-0.0	-0.0	0.0	-0.0	0.0	0.0	0.0	0.0	0.0	0.0	0.0	0.0	0.0	0.0	0.0
GB170	0.017306615915795055	-0.0031452501866499885	-0.0019511509364938426	0.004965506163184336	-0.0015338501737466152	0.004556857996075161	0.0002460825423389292	0.0017661642956776848	-0.0004854202340222582	0.001170745997809422	-0.0013265610190327018	0.0012694954381415914	-0.0012258541570565645	-0.0003202196592789761	0.0003612547949362098	0.001216464021570552	-4.5725645000398085e-06	0.001167283312767185	-0.0004946898094122026	0.0004991738646589358	-0.0014899838973721274	0.0013505364499653584	-2.25802558379279e-05	0.0012476571082849909	-0.001557200032124884	-0.0017046297079138378	0.0006522529550102439	-0.0015215760041503068	0.00010933161886919694	-0.0012046631007379396	-0.00037282172348046354	-0.0007718549569667946	-0.0006498535765587104	0.0013734759008847241	0.00012530725754646027	-5.688315179529991e-05	0.0009533043679658262	-0.0005383506658258924	0.0011086231405921644	0.0006634964536090832	-0.0004855014868929379	-0.00043493382967855186	0.00027608338766833503	0.0007123549511178154	6.0582202545501825e-05	-0.00036221637554778444	-0.0006904809416490201	5.798282987540864e-05	0.00042701924504211117	-0.00040385828099852403	-7.386785577253491e-05	-0.0	-0.0	0.0	-0.0	-0.0	-0.0	-0.0	-0.0	-0.0	-0.0	0.0	0.0	0.0	0.0	0.0	0.0	0.0	0.0	0.0	0.0	0.0
GB173	0.03466981689648354	0.012756177948963724	0.01188570561636617	-0.01904264097822631	0.00555886603993783	-0.017497256015600295	0.007621039726564336	-0.010925649901363296	0.006781342364412854	-0.006225288265229618	0.0025975865140153045	-0.007185994977581505	0.0019726979184195755	0.00025373489887295717	-0.0007320967010383527	-0.003287950357505624	-0.008216996429215175	-0.0032841048180610576	0.006754713080494049	-0.001734965632738942	-0.0013221590125309464	-0.002624235209001195	-0.0004886825028634188	-0.0036537327729510376	-0.0022280125205476797	0.002473833368613587	-0.01718701758477786	0.0026723430462784084	-0.025219890632986828	-0.025402391990723416	0.0049624686997280665	0.007836918324721802	-0.013162138348267884	0.006634427021554905	0.007732674824748987	0.008620478965772022	0.0007657615473307724	0.0047205470141448245	0.0019652550528285384	0.0057981929068939	0.002222300373133643	-0.00025521692428403674	0.002527443826893309	-0.0002102025286382142	0.0035276902092655354	-0.0028695140357208153	0.0011833472132413627	0.0001082945677834975	0.0012197248119068277	0.0002889290189929773	5.769394148270999e-05	0.0	0.0	0.0	0.0	0.0	0.0	0.0	0.0	-0.0	-0.0	0.0	0.0	0.0	0.0	0.0	0.0	0.0	0.0	0.0	0.0	0.0
GB177	0.022761946217524726	0.0010258222777166667	0.0017891111105657845	-0.0016110197124425542	-3.979581585870811e-05	-0.0017907191033654586	0.0021667350586485434	-0.001060288347665504	-0.0005995046978335797	0.0016037334002288889	-0.001248715349349716	-0.0015926884246306604	0.0029235440977468763	-0.000996681053463857	0.0003298219446634348	0.0012620154193325917	0.0007085355260924342	0.002588426813597241	-0.001212445184116874	-0.0007524448245542585	-0.00014395652830843619	-0.0003476315431060127	-0.00122324593877598	0.0014814484084927488	-0.000246311657634476	-0.0021018395316450313	0.005575369941616789	-0.0006739781663165919	0.0027279150869622946	0.003719814231125591	-0.0017434275303374307	-0.0029616904750789427	0.0013173019244634185	-0.0011466958229742	0.003323139596272738	-0.002235230972898354	-0.006084141796197454	-0.0039857357963774525	0.0014039754089361714	-0.004081979417548499	0.0032288659426159597	-0.0022023579952070885	0.0004948610843489459	-0.0019367228577943422	0.002031901954343507	-0.00044952367492673924	0.006202489528455173	-0.0008747334593160803	-0.0028638971387743195	0.0015454358623601852	-2.3858734451531326e-06	0.0	-0.0	-0.0	0.0	0.0	0.0	0.0	-0.0	-0.0	-0.0	0.0	0.0	0.0	0.0	0.0	0.0	0.0	0.0	0.0	0.0	0.0
GB188	0.017306615915795062	-0.0031452501866499833	-0.0019511509364938413	0.004965506163184333	-0.0015338501737466132	0.004556857996075159	0.00024608254233893446	0.0017661642956776794	-0.0004854202340222615	0.001170745997809417	-0.001326561019032697	0.0012694954381415936	-0.0012258541570565615	-0.00032021965927896985	0.0003612547949361996	0.0012164640215705437	-4.5725645000391774e-06	0.0011672833127671666	-0.0004946898094121945	0.0004991738646589393	-0.0014899838973721244	0.001350536449965353	-2.258025583793244e-05	0.001247657108285002	-0.0015572000321248747	-0.0017046297079138409	0.0006522529550102363	-0.0015215760041502996	0.00010933161886919181	-0.001204663100737933	-0.0003728217234804522	-0.0007718549569668061	-0.0006498535765586947	0.0013734759008847193	0.00012530725754646735	-5.6883151795288115e-05	0.000953304367965809	-0.0005383506658258626	0.001108623140592142	0.0006634964536090711	-0.00048550148689292485	-0.0004349338296785589	0.0002760833876683453	0.0007123549511178093	6.058220254553552e-05	-0.00036221637554778254	-0.0006904809416490255	5.79828298753938e-05	0.0004270192450421305	-0.00040385828099846153	-7.386785577254411e-05	-0.0	0.0	0.0	0.0	-0.0	-0.0	-0.0	0.0	0.0	-0.0	0.0	0.0	0.0	0.0	0.0	0.0	0.0	0.0	0.0	0.0	0.0
GB190	0.018600358960297395	-0.0020592748780459374	-0.0009183871142779043	0.0037818208954787974	-0.0013690054045665011	0.003197921197048596	0.0007862218405863313	0.0013187408544652972	0.00047516889432402514	0.0014684733355144182	-0.0028762640811001404	0.0018378894147496304	0.0009860993216443763	-0.0006040562620354251	0.0008224673076426476	0.0011442993529605426	0.0004838289429475806	0.0008569507241314783	-0.00032757310043383714	-3.2298654550191136e-05	-0.00026209033488389425	0.0002157378140191181	0.0006775367896234544	0.000810653659059764	-0.001067061680358696	-0.001645630788658532	0.0009625082138931581	-0.00168265174226685	0.0013058522210534396	-0.0015209148973981278	-0.0011473395543109197	-0.0007717795553843475	-0.0013632845221503	0.0006944335502361733	0.0010844486267069418	0.00022589883745748846	-0.0003211707494484621	-0.000499535576978456	0.0007934791914609872	0.00047466425359296176	-7.768815221891416e-05	-0.0028292318602964697	-9.88984232448796e-05	-0.0006625319454062521	0.00047675363289539447	-0.00043759962060687285	0.003131187960021212	-0.0011193297039808845	0.0009622899912788627	-3.5476263615063356e-05	0.0002939304064467827	0.0	0.0	0.0	-0.0	0.0	0.0	0.0	0.0	-0.0	-0.0	0.0	0.0	0.0	0.0	0.0	0.0	0.0	0.0	0.0	0.0	0.0
GB192	0.018939117617532312	-0.001820935906776516	-0.0008493870645242572	0.0031933896562075046	-0.0008863936322808378	0.0026174528672034147	0.0011738427608261087	0.001071124984631119	-0.000815874917452805	0.0011518519328438395	-0.0013922810041531002	0.001252189564117191	-0.0016170462958183722	1.84126353016139e-05	-0.00026357523686653024	0.0007685271977599853	-0.0008404955940274367	0.000649794677351708	0.00029618542939245684	-0.00014413522915746225	-0.0004127665580796614	0.00044213565557587323	0.0011549998635883955	0.0006231871360307763	-1.950483478211615e-05	-0.0013739266358564481	0.0011193268893299726	-0.0018946668726844676	0.002930470004539514	-0.0012974866207505422	0.00030171686818988673	-0.00017198968594214745	-0.0005667542237767463	0.0013553045509110489	0.000493987772258724	4.342441639661854e-05	0.0017499849587906042	0.0012589308517629771	0.00014133651732617437	0.0012942013148383189	-0.0011231652867920343	-0.000740698193607348	0.0002486944427722362	-0.00223146555231149	-6.493602299102536e-05	0.002294998750863999	0.0005977423725889474	0.002999283287567563	-0.0010574538916753684	-0.0014531390921040989	-2.6744336997036823e-05	0.0	0.0	0.0	-0.0	0.0	-0.0	-0.0	0.0	0.0	-0.0	0.0	0.0	0.0	0.0	0.0	0.0	0.0	0.0	0.0	0.0	0.0
GB98	0.022671026094117235	0.009657288433707459	0.011767098454802227	-0.013886589741010322	0.0034089280615410542	-0.005944516351214636	-0.0008595759480540571	-0.007808998686261942	0.00885763038019118	-0.008242902247721276	0.0016615470516803024	-0.0024965370202509446	-0.0005701953061429949	0.002802382008837588	0.0016651501901475698	0.0022075663351489405	0.004705512826839768	0.0003507465705758799	0.0023008042929728374	0.0002753886344192499	0.0024055840450999933	-0.0014820047947696475	0.0041521323296302105	-0.002560272070058009	0.004674617612284867	0.007589290247185445	-0.00812263754628348	0.001470436517676564	-0.015536350993626135	-0.002501105691679271	-0.006275566392970429	-0.008532585082961341	0.020924765223849742	-0.01204399471611467	-0.021046639703297666	-0.000658501688990274	0.011807958852188927	0.0008111775800950346	0.007452361571214323	-0.0012144073021193322	0.00139376972439179	-0.003999540545516223	0.0031236496582801175	0.0017587627424907987	0.0028097850231697833	-0.00046577408604416584	0.0013851139690553484	-0.0005523884681685621	0.0004245174539585496	0.00018936882793430982	-3.777627048885144e-05	0.0	-0.0	-0.0	-0.0	-0.0	-0.0	-0.0	-0.0	0.0	-0.0	0.0	0.0	0.0	0.0	0.0	0.0	0.0	0.0	0.0	0.0	0.0
GCDF195	-0.004219782537758178	0.02690305131248502	0.003297497213398716	-0.04476569097361115	0.0007942709270707156	0.1392018705859666	0.06938091485037876	-0.01970359816947673	-0.03255868037476785	0.005064637678109851	0.005099220195205803	0.012401632717049827	0.006897210898160162	-0.0030550539954507165	-0.013640102089279498	-0.017316268735071444	0.0036610923762046194	5.540082028010865e-05	-0.0023664087465514487	0.009995209513742265	0.01536735221268378	-0.00028944092106023277	0.005903673583853628	-0.010031588127033548	-0.018075796400878977	0.0021557203478847543	0.007840143839809318	-0.007835550787031898	0.0008776888049137744	-0.00623272749879481	0.0024120625871833926	-0.003218963251316937	0.001846307938601671	0.0017233488013373504	-0.001401172638591	0.003091492467930652	-0.0015958954057599007	-0.0007868861504698847	0.0012595094244526267	-0.0012969945523179888	0.0006367051392635933	0.001818888216268048	0.0004363905349434655	0.0033344908240105038	0.000948974782737933	-0.0008390008349813853	0.0004374943103417324	0.0003687633723921835	-0.0005788047488832815	4.164020521562441e-05	-1.2962180253606472e-05	0.0	-0.0	-0.0	0.0	-0.0	-0.0	-0.0	-0.0	0.0	-0.0	0.0	0.0	0.0	0.0	0.0	0.0	0.0	0.0	0.0	0.0	0.0
GCDF198	0.03069902054548569	0.007926841021454103	0.007609980414267508	-0.011192832061422072	0.003229711667931215	-0.014360930850821066	0.007262185061469413	-0.004037329482780534	-0.0020486400347779765	0.00014696757393314232	0.0008183837562398868	-0.0003035135672533063	-0.0005767920797727391	-0.0018318452004206479	-0.00027419204440413844	-2.179655765965031e-05	0.00026390098644816975	0.0054685781828852755	-0.0006775796629363135	0.0010133444308053309	0.0004166262789961028	-0.00038115467511816	-0.0023250657800082506	0.0011234301123601268	-0.0008156356657693019	-0.0015477659767866641	0.0003463355260675343	0.00023346293696624784	-0.0035797586330228157	-0.0068166273672216155	-0.0028369960808400114	0.0010999330649686604	-0.0004974374901702527	-0.0015646150187722072	0.0011345844504236527	0.007270225460012065	-0.004959815031374874	0.006669908928620291	0.003725065595399769	-0.0028349493125017764	0.003031879774839369	-0.00492108094382165	-0.005493130945178818	-0.001501313932665154	-0.004917653186617113	0.009381094865997325	0.0046173205012645996	-0.005924040821923024	-0.0019130937890764613	-0.0008529716085191576	-0.00011972002210703562	0.0	-0.0	-0.0	-0.0	-0.0	-0.0	-0.0	-0.0	0.0	-0.0	0.0	0.0	0.0	0.0	0.0	0.0	0.0	0.0	0.0	0.0	0.0
GCDF205	0.05653545308896263	0.031002886218122434	0.0281593020144783	-0.04742325100083435	0.01490865873342939	-0.05840474515617507	0.025060395616573455	-0.027766795652202247	-0.00010714540793997935	-0.00693909201218315	0.0060840005771918455	-0.010459504588292062	0.005623360257309568	-0.001713874927303432	-0.002220202128436908	-0.0018661510466778666	0.0010380219182882658	-0.0023170729917929957	0.0037393433522904945	-0.00618651030489313	0.005266856946458729	-0.0012383890571086645	0.0046048080274036845	-0.0023345279078879192	0.003874169944285583	0.0023166031534833874	0.0003182198831261504	-0.0020953267491965887	0.000697708400266476	-0.00014948576736608125	0.0013287372692287053	-0.0021222456230132283	0.002771284876575002	-0.0015868461332266474	0.0029421749954165713	0.00031890467390041546	-0.001571832046925075	0.0025405349555505017	-0.00017056803720194106	7.951207117448283e-05	0.000931873945157988	-0.0002692621578241082	-0.0015287280820781954	-0.0001993126299109789	0.0003085897911511784	0.001493121972146946	0.0006923613332209677	0.0008780438821015936	-0.000865988479478318	0.00046687708672292293	-2.8467659781920025e-06	0.0	-0.0	0.0	0.0	0.0	-0.0	-0.0	0.0	-0.0	-0.0	0.0	0.0	0.0	0.0	0.0	0.0	0.0	0.0	0.0	0.0	0.0
GCDF212	0.014462379541727898	-0.00020343100986929897	-0.008337838151502302	-0.0013873525123303124	0.007108453087152008	0.003574804550415693	-0.006785836543218601	-0.000799193891702447	0.00147092194887013	0.0021663796578451767	-0.00901421888384695	-0.004214487839313793	-0.00030074860529341103	0.0030108919863761816	0.005241877992140307	0.0038778256040442006	-0.0038857402163356425	-0.003284616151527483	-0.0011635724018654462	0.0028337303914384975	0.0036469100640120437	-0.012384928780790798	0.00040374984784748104	-0.011030867920213456	-0.006213472563090925	0.0021113766708317793	-0.0058733510399265314	0.0037610371549618754	-0.0007196870478207102	0.016800569214624556	-0.012693096440648232	-0.005791384754183386	-0.01570513032821036	-0.012800178283801304	-0.0007148287838418811	0.022584340685538166	0.004302306686095385	-0.004146339834919578	-0.005087921421641122	-0.0075173630593805265	-0.004455752640120887	-0.00013104272909797811	-0.0008385028464722808	-0.0028273203707685265	0.0011633958060972408	-0.001984458124045222	0.001128762336483799	0.00043022529080565496	0.0001992127677916955	8.867380376452507e-05	-3.359087302355045e-07	0.0	-0.0	-0.0	0.0	-0.0	-0.0	-0.0	-0.0	0.0	-0.0	0.0	0.0	0.0	0.0	0.0	0.0	0.0	0.0	0.0	0.0	0.0
GCDF216	0.019435112072989636	-0.0014048738345764195	-0.0005378184371028541	0.0025094681001102477	-0.0014926714515161761	0.0018716133206628436	0.0007637112311002808	0.0007768769808292159	-0.0007204379855004796	0.0011906091060109088	-0.00039969728231323964	-0.00011527578795885235	-0.0005463580175939754	-0.0017902244826720087	0.001020023215219317	-0.00017934694782547212	-0.00019467790038449104	0.001919678823649956	-0.0005920992621002923	0.0005017177050327045	-6.61351292729706e-05	-0.00023732123078824043	-2.6546600277001755e-07	0.0006751796609469441	-0.0013517922433088437	-0.0014782764489981084	-0.0003440205772764192	-0.0005433911641525896	0.0011044388353769993	-0.0029123893303928203	-0.00081935208506828	-0.000774349690094998	-0.0015866461426773328	0.0008892729138298694	-0.0015672460822098153	-0.002303246654327126	0.0004117620317903965	-0.0021846605460889893	9.733331492658839e-05	-0.0009965363926899323	-0.001030213517864727	0.0015658442591464183	0.0007508802521522586	-0.0006612432093788008	-0.0016176954708446325	-0.0005172375107357907	-0.00042814597416066533	-0.0014297285328992927	-0.0030370160238817542	0.00013040417864781882	0.0007255519583830793	0.0	0.0	0.0	0.0	0.0	0.0	0.0	0.0	-0.0	-0.0	0.0	0.0	0.0	0.0	0.0	0.0	0.0	0.0	0.0	0.0	0.0
GCDF220	-0.10008658378856956	0.026340846558706808	0.056726648145946475	0.28920413295496533	0.08423830761974978	-0.017542645584316015	0.05052726114811854	0.0031611839991003716	-0.0004616831429987155	-0.00932786465357807	0.014344605322918808	-0.008510092883697362	-0.006588890137284924	-0.001051500543859556	-0.009815274330260967	-0.007233163156253638	0.005507014332674291	-0.003699071894883842	-0.0010643724787441364	-0.001281790394370098	-0.0020002646281313385	0.0016845172135305205	-0.0014825268223941095	-0.00202578083894534	0.00045966932450169164	0.0020807803667478126	0.00023085343979750353	-0.0008433020224782137	-0.0002069949399743909	-0.001168703782219644	-0.00012874231048996308	-0.0004200620776906798	-0.0008875857228791925	-0.002393016759569624	0.0007620655761911152	-0.00039803615770109735	0.0007001076696479949	-0.0004957271462860162	0.0001708392769227974	-0.000866903130927309	0.0007569054248151837	0.0006876474242260679	3.6295261415780064e-06	-0.0001531650553053271	7.96006492364518e-05	7.597750049880427e-05	-0.0001376980709274271	2.8280608535638367e-05	-5.987197302281161e-05	2.1655391479541013e-05	-4.771670148760266e-06	0.0	-0.0	-0.0	0.0	-0.0	-0.0	-0.0	-0.0	0.0	-0.0	0.0	0.0	0.0	0.0	0.0	0.0	0.0	0.0	0.0	0.0	0.0
GCDF224	0.008085371653118375	0.017112598091944875	-0.0002369426365563817	-0.014961562881298927	0.015169241767576839	-0.00010392901448306923	-0.0067369837040527755	0.029838325939864435	-0.009445346643678245	-0.012691053605115823	-0.0040936979011094565	-0.00851572564047623	0.00877205756988018	0.011639319370320514	0.017153331301279533	-0.003306219998162063	0.008060100512970418	-0.012553794693620465	-0.0053147369295430845	0.0369484791542177	-0.012029505023273513	0.039950238827620284	0.02818082706258413	0.015291037929107682	-0.0032773973086299936	0.01334738422133067	-0.0112522133214361	0.0009072162998997212	-0.003249994960919014	0.005393664654901257	-0.0021111050811533634	0.003227795270137964	-0.0011356497755378267	-0.0008513220424062909	0.0019198912118483938	-0.0005589734460310172	-0.0015684052006206559	-0.00013693558845851673	-0.0018954287659989854	-0.0014075612526493145	0.0005945091011774548	0.003144816949792016	0.0009931341303563799	-0.0008099219005858458	-0.000561273151498256	0.000138075268196852	0.00042300587434490665	-0.0004931577968903624	-0.0004723961950330678	0.0002495296269761129	-1.0504107758599198e-05	0.0	-0.0	-0.0	-0.0	0.0	-0.0	-0.0	-0.0	0.0	-0.0	0.0	0.0	0.0	0.0	0.0	0.0	0.0	0.0	0.0	0.0	0.0
GCDF227	-0.006979867479188352	0.005108277245564606	0.012722015685507109	-0.030135114204231657	0.02133050596250805	-0.07843018296801124	0.02846306292591303	0.05411933482246528	-0.09883891505530704	0.060508955330163004	-0.015045158923794193	0.02396729375848367	-0.011278681814296412	-0.006389048344226866	-0.0057683205692892325	0.011710198511994983	6.450974034057922e-05	0.0006174116742602076	-0.0007341899352455529	0.0017971627671109231	-0.003714443221270127	-0.001556146800557544	-0.006335590447060761	0.004654640078316576	-0.005089604406001448	-0.0032485671708864638	0.0031526251467865344	0.002511507291438063	8.296038060272863e-05	-0.0014210205137251992	-0.0011224197897518407	0.0007947532283837478	-0.0015915308330590767	0.0008745560929023041	-0.0041486352281571055	-0.0007648019763706081	0.001851250026771266	-0.0005055650387101132	0.0002411889866576476	0.00024253468133185083	4.9938751939500095e-05	-0.0017068411028589448	0.0006184908539032935	-0.00018528654631029114	0.0009826872883744314	-0.0008098012330573708	-0.00016843325147893816	-0.000592911833058376	0.0006910737937811255	-1.189843386557759e-06	6.51734162359337e-06	0.0	-0.0	-0.0	0.0	-0.0	0.0	0.0	-0.0	-0.0	-0.0	0.0	0.0	0.0	0.0	0.0	0.0	0.0	0.0	0.0	0.0	0.0
GCDF228	0.0016061668873825427	0.013661803471222147	-0.007506121496606774	-0.010251387877285793	0.02132290828201521	0.0018209716354882365	-0.009531566208246356	0.05598146100438875	0.004721598074442365	-0.02524416906176696	0.010906844220698403	0.005045103756616292	0.004196344414331986	0.010784145617486316	0.01954800777139037	-0.00972978152415271	0.005431779250137873	0.028374988114882874	0.05064491395464318	0.004390534425281531	0.0190994070369924	0.01745648379220158	-0.02106300025753942	-0.010645074910546285	0.00451316767540823	-0.007593691405112954	-0.001757991610639809	-0.010467349249282032	0.002753419454036058	0.004383193425839574	-0.0007782381360632593	0.0002262247047951974	-1.254007632548271e-05	0.0006875343100740016	0.0009908356650227645	0.0016049810337987135	0.0010058913171970484	-9.48442181828603e-05	0.0013290493269610933	0.002248423019030097	7.592829912203696e-05	-0.0013845738376165831	-0.00013794014011667564	-0.001014090831174466	-0.0005215199845391007	-0.0002042164257702976	-0.0001510181114561654	0.0003453565775556855	0.00022157934232756816	-8.079367196029502e-05	1.756790999337731e-05	0.0	0.0	-0.0	0.0	0.0	0.0	0.0	-0.0	-0.0	-0.0	0.0	0.0	0.0	0.0	0.0	0.0	0.0	0.0	0.0	0.0	0.0
GCDF231	0.038317114249628276	0.016024633946940738	0.01697977430525209	-0.020951886376914086	0.013321608089712491	-0.02921544216572762	0.0032790067540303595	-0.01770283949231603	-0.00572312499561558	-0.005268463087398402	-0.000757363867555324	-0.0065670289987288695	0.002050914274704017	-0.0005101230266924733	0.004482869153630412	-0.0030503259505788778	-0.009211514615610391	-0.003968138359181434	0.0033445784280511986	-0.010379927849962887	0.012651346076691645	-0.007620632112251485	0.012890190928822834	-0.006258772447664096	-0.005977733577992961	0.0013009914368657559	-0.01395231017699173	-0.008358727594257645	0.0070956408311755115	0.0005461848355371218	-0.011058664093243784	0.004244571614493484	-0.010686130046562861	-0.0009690236775283196	-0.0020395683110331756	-0.01656853374822456	-0.0014740238147494475	-0.003242819822923874	0.005193000764839845	-0.0029218902898855738	-0.003647004665487845	0.0011142419389786114	0.0077636048292018325	-0.004162286828614417	-0.0005373199933653818	0.0009706719123413496	0.003238342318920137	0.004192635580994757	-0.0009301620842125252	-0.0007568108739622318	-6.814032092585804e-05	0.0	-0.0	-0.0	0.0	-0.0	-0.0	-0.0	-0.0	0.0	-0.0	0.0	0.0	0.0	0.0	0.0	0.0	0.0	0.0	0.0	0.0	0.0
GCDF237	0.01891347679123717	-0.0031003498806690625	-0.00491933944423223	-0.00294336508276242	0.002742760445256289	0.0013505500324742527	0.00265406417541706	0.0004563467873310144	0.003069473601957091	-0.00040405460535731727	-3.12108002519691e-05	-0.0009254135312027154	-0.0006351784300065234	-0.003539203923651024	0.0001338918070425739	0.002363772037153595	-0.003361037310655577	0.0006027034814762967	0.004492199935876175	0.0010740908055304765	0.0037329165478823894	-0.003204469072009693	0.0018217498329330315	-0.0031414935371046815	0.0005276792770242383	0.0032104124001363105	0.0005521778535010811	0.0008141411341477764	0.0014976768157745203	-1.3903069131026528e-05	0.0011668976211007041	-0.0005609294077373073	6.0298967515580007e-05	0.0008278438314087797	-0.003818582596761317	-0.004923770538271468	0.003781236548280707	-0.009814219957764379	-0.010237990431170527	0.009178359895660865	-0.000990165168778082	0.01177738326271024	-0.00794905561382178	-0.0007637606197867374	0.009370464602384474	0.006575937010651017	0.0048916725717885095	-0.0018609397564452587	0.001617668549527527	-0.00027028505188502285	-8.291353595042334e-06	0.0	-0.0	-0.0	0.0	-0.0	-0.0	-0.0	-0.0	0.0	-0.0	0.0	0.0	0.0	0.0	0.0	0.0	0.0	0.0	0.0	0.0	0.0
GCDF247	0.014917108648112772	-0.0019267596759530562	0.0024431089804502915	0.005523029270872401	-0.005274996176368415	-0.0016185832750909514	0.00035695827688447915	-0.001098727252001734	0.0024498671116762894	0.0009357984308789903	-0.000534116043612027	0.0009705254132923058	0.00014676685317743454	0.0018576982012252685	-0.004843287699449296	0.0002455482774891914	0.0012666356085052357	0.0038613033162069317	0.0009346860896255374	0.0015699590620346896	0.000650783468658915	0.0011824428306219945	-0.0009496309519905243	-0.002048091751804364	0.0017791561494049247	-0.005697125284596769	0.0014244540129358723	0.00046314358937506953	-0.0035193402289525884	-0.005211534649150539	-0.005790968762560878	-0.0017354659331111698	-0.00035367642404496416	-0.00871644686650035	-0.015604493808538468	-0.0006964655977132903	-0.02197444743223375	0.01314682718812889	-0.004490514923890653	0.003626763064699829	-0.011052828778505204	0.007346202611793265	-0.0010864699276350157	-0.0016805309870130951	-0.0009318214209467832	-0.0017421157988637885	-0.002121061386967337	3.786178783854347e-05	0.00044720478240832583	0.0002675476582767841	8.56670720660198e-07	0.0	-0.0	-0.0	0.0	-0.0	-0.0	0.0	-0.0	-0.0	-0.0	0.0	0.0	0.0	0.0	0.0	0.0	0.0	0.0	0.0	0.0	0.0
GCDF256	0.017172327626855534	0.0043741183558935895	-0.0027578230614765187	-0.002321357819386793	0.0012484252802072878	0.010989288669793325	-0.008287994723676494	-0.0029885767921291923	-0.0005703019751525279	-0.0018358491312341365	-0.0013379047496524586	0.004700471775311077	-0.00018018471697901938	-0.0013098636337038234	0.0028825155323408936	8.160141486538294e-05	0.0019695707702671434	0.00021802988632545564	-0.0018560388420860241	0.008096955387383057	0.005714611345663649	-0.002881364945067457	0.0010277424719900034	-0.002879806697481349	-0.005444789471621232	-0.011774201738281836	0.006095001608587335	0.005170955560210129	-0.011937531702653697	0.0075357438103708495	0.030603970910522922	0.007797171982961258	-0.00485863781024197	-0.02195692752117428	0.0035232647970553405	-0.010001843701440895	0.003224241409493078	0.0015214968699444119	-0.0020285497734260894	-0.002227466682003226	-0.0029707320089270017	-0.0036593490694373366	0.0011647170634554408	-0.004591294323712137	0.00015948570124611818	0.0001754673221930668	9.355687617087997e-05	-0.0008134060075653179	0.0002553102495628465	-9.978248030762557e-05	-2.4831909402648244e-06	0.0	-0.0	-0.0	0.0	-0.0	-0.0	0.0	-0.0	0.0	-0.0	0.0	0.0	0.0	0.0	0.0	0.0	0.0	0.0	0.0	0.0	0.0
GCDF260	0.018871400341953355	0.0034473726951304573	0.0015813771149649268	-0.004160799643901183	0.0005379770208839087	0.007232957193449255	0.002615056931028214	-0.000765192994624682	0.0002263309062692983	0.00683056896660174	0.0025886730028522272	0.0018887751123094127	-0.0003991674733635401	0.0011453762822517814	-0.0059653793696240924	-0.003948538618993354	0.0023968615339676415	0.0030899210897408196	-0.0027126940045958284	-0.0012866048997261046	0.0014853821111907694	0.0017481263092099125	0.00055427953576189	-0.002772744846457252	-0.0017481538702536531	0.0031753401621376614	0.002271503784515323	-0.002487279074349062	-0.0012056189735599175	0.0015050325073158511	0.002918781101229773	0.0018349158576284705	-0.0014441818182955172	0.0014803064227748419	-0.0006569147446933377	0.0002723879889286808	0.003062771908277901	0.001572589011406013	-0.0032831932378715157	-0.003445307265510088	-0.001214972588277569	0.0011226242795369615	0.003318083692030819	0.006066717886229491	-0.009077804307856834	0.0061679895226491675	0.004498478488882623	0.003832015344926367	0.004878451017023143	0.002264590596300011	0.00010414283641882683	0.0	0.0	0.0	0.0	0.0	0.0	0.0	0.0	-0.0	-0.0	0.0	0.0	0.0	0.0	0.0	0.0	0.0	0.0	0.0	0.0	0.0
GCDF267	0.034040832899597175	0.011794859021756837	0.011497506728269548	-0.01264286393356695	0.008426288055180057	-0.019151356636135663	0.009582980155424855	-0.007905164703076615	-0.003749196631197045	-0.0020803114045439995	0.0008222456482039904	-0.005043141484503167	-3.640861558221775e-05	-0.0003635164293965094	-0.001659550672175344	0.0017224691137697097	0.0027681726389958005	0.0007096125815445756	-0.004626364637250243	-0.0024131416454788164	-0.000671518757510923	-0.0005066938359681385	0.002524474115891453	0.0015974309509235406	0.008951070516105053	0.00693055325478786	0.009509931348344988	-0.0009054716958872626	0.003955401565251971	0.02159352054956533	0.004201816754065431	-0.0002927155950468264	0.005640945150621602	-2.164552639126727e-05	0.01425265823288916	0.005317473618286005	-0.001743129155525794	0.010588616749719055	0.010563309470541248	0.006387577303336653	-0.0066518406978528545	0.0026955775287979	0.0019174261387526145	0.00736224002130845	0.005261840942649896	-0.0019733825276408343	0.0031900989914777095	0.00046549774225370256	0.0006719050069601522	-0.0003226699961279363	7.073488588325651e-05	0.0	0.0	0.0	0.0	0.0	0.0	0.0	0.0	-0.0	-0.0	0.0	0.0	0.0	0.0	0.0	0.0	0.0	0.0	0.0	0.0	0.0
GCDF271	0.020425105752697167	-0.008499250152415084	-0.0012956510300541047	0.001992988225553893	0.01204461666892191	0.0014488090117344898	0.0055876219520465675	0.0022111359055498503	0.0064922683975922706	-0.0051469982607347375	0.004982126762898089	0.005196747639832737	-0.010335152153387279	-0.00950373942359765	0.001762490983565386	-0.001184004955105067	0.0008288594421548819	0.0005370082383462764	0.001107281735351933	0.0020289709648783827	0.004512160752470723	-0.007277998322097886	0.00312566888009742	-0.0037440816783457583	0.009872270365696186	0.02205022832243541	-0.002323357136145934	0.005222529737016407	0.0007700022395578897	0.012921189716047795	0.019463756918166403	0.002681963551771682	-0.0031113517621986714	0.020941167775428055	-0.016460902812317317	0.004960502916167172	-0.007896127442991228	-0.0030528636727105356	-0.0010899641865312751	-0.0011746234532303834	-0.0011508167290840074	-0.007917267811093113	0.002142966772540774	-0.003950828265266356	0.001068745700162056	0.000754958890285155	-0.00011848057644704092	0.0005332355019775757	-0.00014161920776793887	-0.00030836812271231064	-6.6171181055461716e-06	0.0	-0.0	-0.0	0.0	-0.0	-0.0	0.0	-0.0	0.0	-0.0	0.0	0.0	0.0	0.0	0.0	0.0	0.0	0.0	0.0	0.0	0.0
GCDF275	-0.018358210955880597	0.007766365928810015	0.024131041377110227	0.04497147105373026	-0.031966540274632964	-0.01334613845802643	0.015889894323760246	0.0023400714497568554	0.05961387026543456	0.027403827382669825	-0.0780204940387095	0.05006754951506067	0.05572338684285304	-0.011625793356495315	0.014907129770779536	-0.0010511738120403892	-0.007591265115896179	0.001611657511331107	0.0024874568475735086	0.0007959644376695138	-0.0002463113354579526	-0.0029161697721407356	0.0019476951349320162	0.0029860520771548458	-0.0020590232751599223	0.0004786124798988037	-0.0004408259749651357	-0.0015594295678768766	0.0009921686791108343	-9.64712153411973e-05	0.0008224857446363569	-0.0002644276881211907	0.0015134625961045407	0.0016942493281809105	0.00021616443341198677	-0.0002632541835493267	-0.00021688526363547561	0.0004037637611301448	0.0008996856946853294	0.00020474475277750643	1.3119428576662443e-05	-3.599473590868469e-05	-8.211626004608269e-05	0.0005312360010446775	-0.00017643776720917468	2.624163270896006e-05	6.49444010338616e-05	-5.663481582716314e-05	8.889187875940411e-05	-9.743671844301686e-06	7.141582502614529e-07	0.0	-0.0	-0.0	0.0	-0.0	-0.0	0.0	-0.0	-0.0	-0.0	0.0	0.0	0.0	0.0	0.0	0.0	0.0	0.0	0.0	0.0	0.0
GCDF278	0.020396160696103074	-0.005567929376127895	0.002096297847216517	-0.009050240229057902	0.007623500302748501	-0.006194068188858187	0.004447240332553342	0.00010452060451865593	-0.0047238817399235505	0.006616273739409553	-0.0020636875146382884	-0.0007835458955209509	0.0017628617593992038	-0.002376376233145636	-0.000849977153052822	0.0030293654667852858	0.001079947286105733	0.0029258788454796666	-0.0010611049095704025	0.001956010107295917	0.000293419418748618	-0.003931118839324209	-0.0036204915501013082	0.000500289571459269	0.003589210820376094	0.0021019620639470527	-0.0005938734976280693	0.00494973509475275	-0.009314970222482118	0.0016901636867011833	0.0007993911881972389	-0.013957652842961805	0.011369790213040817	-0.006664137323392632	0.00978588974177523	0.00534012553776065	-0.009688845666913802	-0.009554846315191287	-0.008546915258141583	0.00999491486506134	0.0076937941660534725	3.0003914978351366e-05	0.010560811483993876	-0.0016987747513337586	-0.003335274420224668	0.0020385505688120076	-0.0025637350867477606	0.0034059892499863323	-0.0009472749818368724	-0.000714796506767728	-1.0242315929271515e-05	0.0	-0.0	-0.0	-0.0	-0.0	-0.0	-0.0	-0.0	0.0	-0.0	0.0	0.0	0.0	0.0	0.0	0.0	0.0	0.0	0.0	0.0	0.0
GCDF282	0.026533833195232635	0.006989108415026127	0.006217044980648783	-0.007950263524356474	-0.00878687137441441	-0.020767481853673695	0.000773763542496812	-0.015747078522699562	0.003557776805074813	-0.0040477511464124104	0.0039618237051521465	-0.0010166438332628298	0.004902653998435312	-0.0002651367320839608	-0.01326473940446642	-0.008334061742419628	-0.0020547310379907366	-0.000690396309890838	-0.001069400505806093	0.010566021205890327	0.011932566422966242	0.004217842022978921	0.025001731433782683	-0.002687165777226742	0.017039391861204664	-0.00999718165904529	0.008531516410009814	0.0019783657020996975	0.02929225202182188	-0.01446262016743335	0.0010118375027435183	0.004065570843428421	-0.0015929462836872736	-0.007320070992630052	-0.0024484659504795305	0.007181525475860748	0.0023392548441595654	-0.001695840955319587	-0.0007873096944681217	0.006117724326677588	0.0032970508972774205	-0.0070412184561946985	0.0009334755270407416	-0.0030196237651486262	0.0007011965770922239	-0.0018366730385374348	-0.00162072893418278	-0.0007971690996127313	0.0016470099394498147	0.00023369052749114944	8.177663656150901e-06	0.0	-0.0	-0.0	0.0	-0.0	0.0	0.0	-0.0	-0.0	-0.0	0.0	0.0	0.0	0.0	0.0	0.0	0.0	0.0	0.0	0.0	0.0
GCDF286	0.014823485617222663	0.0034690438231870123	-0.0004278528072862991	-0.003479216717252477	-1.353657243693515e-06	0.016168639805638353	-0.0004995934234886249	0.002143156120203343	0.00270180852516068	0.01344408359431861	0.004691012105521465	0.0030917056498662933	0.0007717687640646264	0.0009956682443776584	-0.007234013172852378	-0.008445453291354378	0.0022657269560406464	3.7622318856463436e-05	-0.003368026057649096	-0.0020572263560681885	0.0004899513569731238	0.0020824489318093838	-0.001149948539826459	-0.0021050004213720684	-0.0030915730632026074	0.0003588755079273874	0.00022769302021362266	-0.0022420571391996076	-0.002960008544596282	0.0024896188564233466	0.0003191715676249261	0.0048465023604448414	0.0005712321926906313	-0.0009011149749127437	-0.00029627986244010115	0.0003072018624728745	0.0007171947578287875	-0.0012957838583708705	0.0005961485099025792	0.0015224673549040964	0.001785230004768607	0.0001504135625715435	-0.0008229537731817511	0.00037023395934020166	0.000948458441294335	-0.001956692896373858	0.0007158765673164231	-0.00028155637818589723	-0.003975199420113324	-0.0026804941892186475	-4.9911786771095306e-05	0.0	0.0	-0.0	-0.0	-0.0	-0.0	-0.0	-0.0	0.0	-0.0	0.0	0.0	0.0	0.0	0.0	0.0	0.0	0.0	0.0	0.0	0.0

Biplot	0	0

Site constraints	0	0
