Eigvals	68
0.34906860021042163	0.2722917270321099	0.09658468169842829	0.08648724735774341	0.07957218516925585	0.05680323796019276	0.04164675247603069	0.030853291254177635	0.028941065601175077	0.024738511316458718	0.017859101475004698	0.01536193104897824	0.013551107198218025	0.01188905223810579	0.009137874061237783	0.006875409823776865	0.006521669119569466	0.006120309561757867	0.005393138250391644	0.005128960097038039	0.0041657058039786254	0.0036015503953977512	0.0032516074649873786	0.0024579545412684103	0.001933514089350434	0.0018310920216839527	0.0015192138986731274	0.0011829576164522557	0.0007666029621164567	0.0007437060026793448	0.0006328164161087946	0.0003132141053544604	0.0002157475567886591	0.00015531104776483895	0.00010299781996910701	4.887792733919262e-05	1.8005272206021986e-05	0.0	0.0	0.0	0.0	0.0	0.0	0.0	0.0	0.0	0.0	0.0	0.0	0.0	0.0	0.0	0.0	0.0	0.0	0.0	0.0	0.0	0.0	0.0	0.0	0.0	0.0	0.0	0.0	0.0	0.0	0.0

Proportion explained	68
0.2938864947243287	0.22924680464430783	0.08131620412522188	0.07281501100070678	0.0669931084115014	0.047823563858364414	0.03506307383263458	0.025975884430547932	0.024365950755780002	0.020827752399126077	0.01503586609695443	0.01293345796631254	0.011408896107290187	0.010009585181093664	0.00769332382079252	0.00578851862265746	0.005490698608086798	0.0051527875112472275	0.004540570234664088	0.004318154378797832	0.003507175025327641	0.003032203471290239	0.0027375808638432524	0.002069391643618686	0.0016278567533051247	0.00154162595961364	0.0012790507285627723	0.0009959511313736916	0.0006454154204814854	0.0006261381003651484	0.0005327783656912073	0.0002637000161726113	0.0001816413540826525	0.0001307588806098767	8.671552885799955e-05	4.115111679035773e-05	1.515892959720644e-05	0.0	0.0	0.0	0.0	0.0	0.0	0.0	0.0	0.0	0.0	0.0	0.0	0.0	0.0	0.0	0.0	0.0	0.0	0.0	0.0	0.0	0.0	0.0	0.0	0.0	0.0	0.0	0.0	0.0	0.0	0.0

Species	0	0

Site	68	68
GA17	-0.13099384465786765	-0.09698414742030093	0.0038708741326501017	0.03419237130841307	-0.06441776169523583	0.06343095673868106	-0.006829106674708556	-0.021265981607770965	0.021350867483401034	0.08406703714256217	-0.0164153491374807	0.004226048223576235	0.050223896052906516	0.03857393125585757	0.01192428483164378	-0.0033293651673174432	-0.007404663506581063	-0.003939168317515633	-0.0033542657075806043	-0.0023605053058420563	0.00015624987489480343	0.0032671172342274937	0.006044048235118308	-0.0014539474017593204	0.0022410869641250387	-0.0014499636529160325	0.003614566031464791	-0.0019053858070827076	-0.00038629011676481653	0.0010684796934885303	-6.799924955311692e-05	9.048544812661389e-06	-9.194117708362297e-05	-0.00021191087733103827	8.667586121800812e-06	0.00012548790567426817	-3.9910150351206083e-05	0.0	0.0	0.0	0.0	0.0	0.0	0.0	0.0	0.0	0.0	0.0	0.0	0.0	0.0	0.0	0.0	0.0	0.0	0.0	0.0	0.0	0.0	0.0	0.0	0.0	0.0	0.0	0.0	0.0	0.0	0.0
GA18	-0.019788382334616866	0.02271737080352819	0.0531866125656549	0.04445808543877701	-0.11828665440691091	0.029726909674179826	-0.01296469372549799	-0.009065240050120138	0.011054926764989155	-0.015879748746461482	0.015986272073503283	-0.012366802699567758	-0.012281944908312178	-0.014694027362637346	-0.014194413498275075	-0.0019605452883260225	0.012009627495856122	0.006197895618926589	0.021187305883509512	-0.0201289542922438	-0.01808288653823905	0.0026474456477669807	-0.0014055571091974187	-0.011135813018659466	0.004909241456359113	-0.00040552187783250975	-0.0003921182613262854	-0.003298369508375824	0.002694434448329376	-0.0005282185179300442	-0.0012982168610713228	0.00138757737761135	-0.000454106344501505	-0.00013385350159995558	-0.0005317258305248896	-0.00013212374113113373	-0.00022075421209641645	0.0	0.0	0.0	-0.0	-0.0	0.0	-0.0	0.0	-0.0	-0.0	-0.0	-0.0	0.0	0.0	0.0	0.0	0.0	0.0	0.0	0.0	0.0	0.0	0.0	0.0	0.0	0.0	0.0	0.0	0.0	0.0	0.0
GA20	-0.061486581120553684	-0.03744990375994728	0.0793886822528359	0.019813840489419164	-0.08661702728999196	0.018347005914850122	-0.03892221051189239	-0.013690298622859759	0.009970572079848078	-0.04749065512920389	-0.019851196094936248	-0.029353449691344256	-0.007627672653236512	-0.02168885728482687	0.008223498036529893	-0.001795631979611561	-0.013014426494597773	-0.005875837350824738	-0.020631525445128533	0.028885998255107976	0.0009235814847979563	-0.0214126612625573	0.006143076592104682	0.007698551787174058	0.0008155016996374685	0.001072124757636989	0.005956990522666876	-0.0011469561403419815	-0.0006685032487708222	0.002088012631517132	0.0007591169474848428	-0.00020308061241574018	0.0002197180272996867	0.00010817252375964722	3.2093925080543654e-05	1.8270970514976147e-05	3.531399005365992e-05	-0.0	-0.0	-0.0	0.0	0.0	-0.0	0.0	-0.0	0.0	0.0	0.0	0.0	0.0	0.0	0.0	0.0	0.0	0.0	0.0	0.0	0.0	0.0	0.0	0.0	0.0	0.0	0.0	0.0	0.0	0.0	0.0
GA29	-0.09750334455012437	-0.061255231978073116	-0.0613513300818924	-0.0022195576042855223	0.021778066388088196	0.029090836168196493	0.003350998547775461	0.0026468578796821508	-0.007633130334997299	-0.0010061545480806416	0.0027812272407274044	0.006160748370179501	0.013998321399752413	-0.015397505889301699	0.005098945679982158	-0.00013494850455460363	0.0026489070177138775	0.007399659167836929	0.008910341746064294	-0.005480074876624769	0.0016672087068257697	-0.026653518034527864	-0.03267273955051673	0.0036438209887835007	-0.01294389939091986	-0.0017180079639023246	0.0025413066945726742	-0.0015856436023345857	0.0009797534330840832	0.0004964871339819129	0.0007747418229368374	-0.0006070005588681046	0.001024388233554327	8.569390661306383e-05	-0.0004911764637990353	-0.0005041994060579174	0.00010151840766892733	0.0	-0.0	0.0	-0.0	-0.0	0.0	-0.0	0.0	-0.0	-0.0	-0.0	0.0	0.0	0.0	0.0	0.0	0.0	0.0	0.0	0.0	0.0	0.0	0.0	0.0	0.0	0.0	0.0	0.0	0.0	0.0	0.0
GA33	-0.25297343875266687	0.029354546257913502	-0.04862520698874762	-0.008762196407506693	-0.08977700771278918	-0.12418304215868169	0.08170084849344382	-0.001283396739963377	-0.05273136922633991	-0.005293697527579415	0.03423815704398715	-0.0028738436688825644	0.011847242371261635	-0.006079785452892399	0.0048827547031266285	0.0016948832096804628	-0.00012883058107711278	-0.000937916655531357	-0.002767818196509911	0.0034029879157636478	0.00032489072279067826	0.0006943634686822413	0.004175347764154407	-0.0029397933664631662	0.0016670760950692554	-0.0007705941216289825	0.0008071076052159543	-0.0001356773305092685	-0.0005844868331939287	0.00026574486219281876	-0.0001838045792115904	-7.077048782917461e-06	-7.249670251594886e-06	-6.035600557642754e-05	7.524675795534308e-05	8.067191015086016e-05	-1.3356021388813603e-05	0.0	-0.0	0.0	-0.0	-0.0	0.0	-0.0	0.0	-0.0	0.0	-0.0	0.0	0.0	0.0	0.0	0.0	0.0	0.0	0.0	0.0	0.0	0.0	0.0	0.0	0.0	0.0	0.0	0.0	0.0	0.0	0.0
GA40	-0.08687750752456824	-0.06116053441419041	-0.013111610518128737	-0.00927351395760017	0.03200901774126809	0.006718010265180893	0.010354981948082877	0.0008024271142544599	0.013296004550179402	0.011739954312072944	-0.016081299674750887	-0.0015327168299357269	-0.03313354225206807	-0.001336484533020019	-0.031830161644566535	0.002754392455291488	0.009899233317497744	0.005917558589932586	-0.0014329633006742153	0.02045624042191907	-0.005363974563988379	0.010765873493788745	0.012799758544649719	-0.0018544287772058064	-0.012682643948500456	-0.02039451225720894	-0.005447539567056745	-0.008426062750931043	-0.003835720139950663	0.0012838323555705387	0.00020817130157681134	-0.00017049808666975128	0.00016846849010779383	-0.00021551474948935034	3.509582223094884e-05	-0.00021302294400591995	0.00017132106695747098	0.0	-0.0	0.0	-0.0	-0.0	0.0	-0.0	0.0	-0.0	-0.0	-0.0	0.0	0.0	0.0	0.0	0.0	0.0	0.0	0.0	0.0	0.0	0.0	0.0	0.0	0.0	0.0	0.0	0.0	0.0	0.0	0.0
GA47	0.04896222183150129	0.004757633286256084	-0.0003777026682338699	0.0010392945001616502	-0.00017072398796630307	0.008454029076107964	-0.006437404128174326	-0.005860888592709511	0.002430071296725745	-0.00568439900464568	0.029757126738310925	0.02340344464692093	0.030639725364919237	-0.022512762741334628	-0.008783965339448375	0.01879107627170292	-0.0432964107652446	0.022059232788301845	0.026419360939524034	0.012403759672585295	-0.004808691824294522	0.009417372634844164	0.0043221650975195985	0.014283988731818428	-0.0018402318252017616	-0.003979092476238249	0.0005065081681259371	0.001804945561623058	-0.0016426860909829033	-0.0012647093811351358	0.0013028226256554289	0.0005405252898568011	-0.00028143681283660844	7.626883048159676e-05	0.00031869798151245183	3.4322750645215624e-05	1.5839746506043798e-05	0.0	-0.0	0.0	-0.0	-0.0	0.0	-0.0	-0.0	0.0	-0.0	-0.0	0.0	0.0	0.0	0.0	0.0	0.0	0.0	0.0	0.0	0.0	0.0	0.0	0.0	0.0	0.0	0.0	0.0	0.0	0.0	0.0
GA64	-0.010885243870286143	0.09961123319327249	-0.08820752592208207	0.045363556756387126	-0.02321187845245596	0.04792024101393575	0.016973082120300718	0.06580429256156214	0.013474796085821309	-0.05456735461818945	0.00021739970466471548	0.009230948970116531	0.027278597549565946	0.013094404196479116	0.004062586335066329	-0.00035297156697277005	0.03197701603440842	-0.0009379197189624826	0.004230561212888714	0.006082217942937212	0.007960810465870924	0.012351761768754606	-0.0007604968415028232	0.009042071682799366	-0.00045717335526761454	-0.003330365564064958	0.0057473564005564816	-0.006092431063957218	-2.3942138639590936e-05	0.0024708946916139466	0.0013809300032104677	-0.00044928363040386596	-9.881529935973163e-05	3.199800753369422e-05	5.315099107935817e-05	0.00022588134020359193	5.758602681408092e-06	-0.0	0.0	-0.0	0.0	0.0	-0.0	0.0	-0.0	0.0	0.0	0.0	0.0	0.0	0.0	0.0	0.0	0.0	0.0	0.0	0.0	0.0	0.0	0.0	0.0	0.0	0.0	0.0	0.0	0.0	0.0	0.0
GA65	-0.05631501083061505	-0.08052043850482618	-0.014360892065596344	-0.0025373169786311878	0.016998047957122196	0.0044813443139321545	0.006226707220860455	0.0049760276689036495	-0.003512598371055428	0.0006373764932714242	0.0025476749571924687	-0.0029198975820392513	0.004357150166149122	-0.002037129861853469	0.0020682911571411377	6.94847087469978e-05	-0.0005860615568565931	-0.0028950348898781975	-0.005446217337071388	-2.0251733451980567e-05	-0.0036815728486790434	-0.0005606095734766348	0.001203476473529007	-0.004328010177666402	0.003247396104304237	-0.002621885936823901	0.0025614468960975315	0.003478806236262332	-0.00635875396190937	-0.0017017179591389178	0.0061657228526479846	-0.0013377909653980028	-0.0007084657830645969	0.004365010627856424	-0.00039289447943431806	-0.0011205590242065859	0.0003387138465774322	-0.0	-0.0	-0.0	0.0	0.0	-0.0	0.0	0.0	-0.0	0.0	0.0	0.0	0.0	0.0	0.0	0.0	0.0	0.0	0.0	0.0	0.0	0.0	0.0	0.0	0.0	0.0	0.0	0.0	0.0	0.0	0.0
GA67	-0.06950345737046353	-0.09477456794161453	0.011848074871740147	0.004918953426074575	-0.025470919757156596	0.003503038789358089	-0.0004459249738625364	-0.0008709397114413449	0.012520462415263776	-0.0021835546038636343	-0.013610943575313656	-0.005256215122837956	-0.011105173824053294	-0.002229476105005696	-0.0005439840959809423	-0.0033716819685172235	0.006822131144978636	0.00061106545497049	0.01566539039126474	0.007170848870908179	-0.018144859350562648	0.008063043658482675	-0.02217245504979496	-0.002901385867204089	7.439782761559628e-05	0.0049591679652864476	-0.012612221804939374	0.005661525087537565	-0.003461311929422075	-0.001985081751388748	-0.002529142986861333	0.0005215737435792565	-0.0004416937051626257	-5.974279933117609e-05	0.0005456168292527912	0.00017283809815543498	0.00019908021072586257	0.0	-0.0	0.0	-0.0	-0.0	0.0	-0.0	0.0	-0.0	0.0	-0.0	0.0	0.0	0.0	0.0	0.0	0.0	0.0	0.0	0.0	0.0	0.0	0.0	0.0	0.0	0.0	0.0	0.0	0.0	0.0	0.0
GA77	-0.028824359668154317	0.023447541502896154	-0.03242667158271845	0.0049112957035377085	0.0013019435182211269	0.0338475632883376	-0.016447656610732702	-0.02646659951231301	-0.0043013013030240976	0.020110106508694492	0.038000945863877	-0.00885001190514885	-0.0036490648158400037	-0.0010040661727375962	-0.0530646548880205	0.017389712012971677	0.0018419177896660316	-0.0013070911401946463	-0.02582172533656496	0.012387718523015593	0.010084308283071525	0.008169261406788845	-0.01818263743656642	-0.003945921762497945	0.010656272303563056	0.004487524038367048	0.0024836539404873917	0.0018751632926522635	0.0036210712505145835	-0.0015889424753269205	0.0005301025200729985	-0.0004490643494541051	-0.0004077302493670921	5.071681138672994e-05	0.00019106755915107286	0.00014191879918829133	-0.00012088577213437455	-0.0	0.0	-0.0	0.0	0.0	0.0	0.0	-0.0	0.0	0.0	0.0	-0.0	0.0	0.0	0.0	0.0	0.0	0.0	0.0	0.0	0.0	0.0	0.0	0.0	0.0	0.0	0.0	0.0	0.0	0.0	0.0
GA79	0.03550282047219759	-0.04315358422352835	-0.02434688513706319	-0.018467676871426048	0.0018179566201573284	-0.02249303965859684	0.009639677923280196	-0.012899101381321961	0.023777613330491675	-0.0006436159017492933	0.005800035425858312	0.004206839006941788	0.005259718335046741	-0.0015370662306542716	-0.014219148315680002	-0.06687195718837609	-0.004507013540081457	0.014193320675488244	0.001259510103267945	0.0036172721695569526	0.004939975676815284	-0.004977995437963005	0.0003221959927008373	0.002800920163260602	0.0017179396101620335	-0.001693002515307308	-0.002175343117743182	-0.0024258112926445084	0.002736258093581441	-0.0016590113526509227	-0.00026295668836404904	-0.000569577698695001	-0.0008640272282830888	0.000832536062156919	-2.1744988980789675e-05	7.995834603994488e-05	3.990671725150781e-05	0.0	-0.0	-0.0	-0.0	0.0	0.0	-0.0	0.0	-0.0	0.0	0.0	0.0	0.0	0.0	0.0	0.0	0.0	0.0	0.0	0.0	0.0	0.0	0.0	0.0	0.0	0.0	0.0	0.0	0.0	0.0	0.0
GA83	-0.0797775182609092	-0.0680671827535578	-0.04720944372389621	0.007682425888459423	0.017328887258677237	0.022328867805421204	0.013434523355018635	0.019954046768453002	0.006564944802866185	-0.0071738370479008115	-0.007126257343089721	-0.0037761581660296674	-0.008941843417378654	0.0008040346562570178	-0.005272641763250492	-0.0015430699350726415	0.007630605757785543	-0.0016955139723674227	0.002633960310888125	0.0029972485087132496	-0.00706026368758744	0.0002851497265736655	0.01563307305600851	0.019913408668142486	0.013086809750539514	0.019533021137378495	-0.010140910955337075	0.004256680034404978	0.00038570655012440413	-0.005180588932482948	-0.0014218571861956135	-4.901683982224249e-05	0.0005056341758763364	0.0003361220841861994	-0.00010600661744284107	-0.0003214934923723713	9.104519630491374e-05	0.0	-0.0	0.0	-0.0	-0.0	0.0	-0.0	0.0	0.0	-0.0	-0.0	0.0	0.0	0.0	0.0	0.0	0.0	0.0	0.0	0.0	0.0	0.0	0.0	0.0	0.0	0.0	0.0	0.0	0.0	0.0	0.0
GA86	-0.16778390335738744	-0.06140661098423217	0.05389837353230651	-0.06106112794592929	0.09189809140390442	-0.03070920974537408	-0.11254393278378251	-0.026660333949647418	-0.02467709089327786	-0.05300105480014482	0.023620906876486627	-0.009201425374600116	0.031757647859808044	0.016824556823616433	0.0015894242489713013	-0.002491651748635757	0.011075840448980778	-0.0011811394686838447	0.0048397308383664	-0.009225787193330254	0.0021971335053866396	0.007696573613185686	0.004275077733424048	-0.0027798031476948255	-0.0002106505595267344	-0.0009616954783658613	-0.000859465648356255	4.8274357360489086e-05	-0.00031058928190068027	-0.0003034811511286027	-0.0003710558430127227	6.910875666770872e-05	-0.00020737259544426824	-6.599654691981878e-05	4.26703093063405e-05	0.00011290053809203144	-2.712015867765293e-05	0.0	-0.0	0.0	-0.0	-0.0	0.0	-0.0	0.0	-0.0	0.0	-0.0	0.0	0.0	0.0	0.0	0.0	0.0	0.0	0.0	0.0	0.0	0.0	0.0	0.0	0.0	0.0	0.0	0.0	0.0	0.0	0.0
GA87	-0.058095325770102464	-0.07883139630951497	-0.012954870260943913	-0.0015079717493152384	0.017249772508395093	0.005932502337675453	0.005856455067995156	0.005725371854888167	-0.0044856997905676895	4.48638971780355e-05	0.004678978155306868	-0.0018825507291160483	0.0050316098586262225	-0.002507344376535905	0.0016102999787890905	-0.0023654268255501724	-0.0021109192790034004	-0.0021995704187461134	-0.004263500125353975	-2.5695750301298736e-05	-0.00281924209717754	-0.0014736933132392003	0.003198969569088777	-0.001193224492310941	0.005135782033589989	-0.0071268419978599675	0.002735332220017014	0.002945646288806869	0.002773310946380245	0.0019491397484623588	-0.0048441280581570925	-0.002219775384085294	-0.002259538000357655	-0.0028743039002709376	-0.002367679701665605	0.0001641055493281454	0.0005843446066136143	-0.0	-0.0	-0.0	0.0	0.0	-0.0	-0.0	-0.0	-0.0	0.0	0.0	0.0	0.0	0.0	0.0	0.0	0.0	0.0	0.0	0.0	0.0	0.0	0.0	0.0	0.0	0.0	0.0	0.0	0.0	0.0	0.0
GA90	-0.005108968363541601	0.06508517082933797	0.01847072413036791	0.003625980361331675	0.02550375635015801	-0.015793948097396433	0.025640754308815968	0.023433551923619633	-0.0030316749293277895	-0.03829919887534708	-0.038366870871236546	0.05000559582423034	0.018000083643753086	0.022399362720814785	-0.030102731651200695	0.010258840210998986	-0.016846571961961807	0.0031623352223732106	-0.016688328114299652	-0.016559406524417397	-0.01188829984762484	-0.019645546448028673	0.0034674706474472406	-0.008489560536293217	0.0048450700313834244	-0.0003738940670647531	-0.005567259209601793	-0.0021175940621690993	-0.0010059903239237294	-0.00014040588499701108	-0.0012119373744096803	0.0006448432404981998	-0.0002833962654385838	-1.101947343803206e-05	-9.248117393450864e-05	6.397902547231126e-05	-6.593171663547167e-06	-0.0	-0.0	-0.0	-0.0	0.0	0.0	-0.0	0.0	-0.0	0.0	0.0	0.0	0.0	0.0	0.0	0.0	0.0	0.0	0.0	0.0	0.0	0.0	0.0	0.0	0.0	0.0	0.0	0.0	0.0	0.0	0.0
GA92	5.4030858657468705e-05	0.06993619161660632	0.05289776777433954	-0.010767060030166354	0.05325706072960052	0.02519747237398105	0.02757269409468006	-0.053917421434683546	-0.020057919504985283	0.016085125857695896	-0.003554772313652263	0.047193308081714604	0.0034520975375395826	-0.037590143162806434	0.030587186900649096	0.0006929349065843145	0.027464128603830157	0.018048832452038175	-0.01785072425810016	0.0074512252254399294	-0.01287175190823346	0.005669771519164337	0.0004287447464160142	0.0030674587023001403	0.0038349047920246547	-0.0003743210120924254	0.00399654027912813	0.0015686289349892573	0.0017245242598369155	-0.0005892509679740818	0.0004894901222322952	-5.666855436641855e-05	-0.0005557057894699298	-0.0002553742131732255	0.00020209792668531744	0.00017863231514585193	-0.00012210611234660842	0.0	-0.0	0.0	-0.0	-0.0	0.0	-0.0	-0.0	0.0	0.0	0.0	-0.0	0.0	0.0	0.0	0.0	0.0	0.0	0.0	0.0	0.0	0.0	0.0	0.0	0.0	0.0	0.0	0.0	0.0	0.0	0.0
GA96	0.004070193111080187	-0.005956280707256545	-0.0038946453182834477	-0.007884838720511683	-0.00475820596052237	0.010337041796120435	-0.014754728094547195	0.015806983068627108	0.004282226380336381	-0.0020717851997235186	0.060579686769122926	0.02586045287220247	-0.05220875074666027	0.04744080041028244	0.024423559226722867	-0.0033310688677931997	-0.013594469554557273	-0.007715404320220985	-0.01203049878516611	-0.0022645009197410026	-0.021766592707754037	-0.00037979413308146813	-0.004360975600309998	0.007251338417167605	-0.0031089383474159496	-0.0017894179352645916	0.0036065420476077696	-0.0013125811531139486	0.0003112133996063874	0.0002737438675783979	0.001247329641067152	-0.0005873913413300807	0.00012668023337546224	-8.596890334912642e-05	-0.00025974984411012293	-0.00022210539722125546	2.491729012207658e-05	0.0	-0.0	0.0	-0.0	-0.0	0.0	-0.0	0.0	-0.0	-0.0	-0.0	0.0	0.0	0.0	0.0	0.0	0.0	0.0	0.0	0.0	0.0	0.0	0.0	0.0	0.0	0.0	0.0	0.0	0.0	0.0	0.0
GB101	-0.10898097466836627	-0.04202121927534406	0.04313673533722683	-0.008413237131574597	0.06952351636030445	-0.04818492694028094	0.019516552394915034	0.004058893859864582	0.012673729587294402	0.01733075904167789	-0.03675538367890449	0.01777656354738992	-0.014544635186249568	0.006310021304761762	-0.010604503614271616	-0.0015694696553661157	0.0015047388549693644	-0.0013067204651715126	0.00866646155992758	0.004638525214599712	0.0008016246343323109	0.0025701400231452486	-0.0057584712761244985	0.003708245413121665	-0.001222735984152273	0.005031558234984812	0.00442738776122914	0.0033188958109556547	0.0033997735683393244	-0.0004880131545314851	0.0008173825747824072	-0.0005520841938347049	0.0003480441406981468	0.00033167545061419307	-0.00013246362595403948	-0.0002683668339956886	-2.5707239478185495e-05	0.0	0.0	0.0	-0.0	-0.0	0.0	-0.0	0.0	0.0	-0.0	-0.0	-0.0	0.0	0.0	0.0	0.0	0.0	0.0	0.0	0.0	0.0	0.0	0.0	0.0	0.0	0.0	0.0	0.0	0.0	0.0	0.0
GB102	-0.015162911983429235	-0.02355373868856638	-2.602671180642184e-05	0.0031996920759788097	0.006404722466144193	0.01291641756933799	-0.00011559472499987753	0.0004511559441918507	0.004004923185933334	-0.0034545275620988173	-0.004174082805672892	-0.004281894769270621	-0.001419933354551366	-0.010005253223099916	4.8205625218082876e-05	0.012444628043387999	-0.00028939798537870793	-0.003810793925598428	0.013033976977508133	-0.0077800739212688045	-0.007712036677120569	-0.008316293376223045	0.008649485814660586	-0.0036478568614920362	0.004622378508506922	-0.0030301418132951882	0.0005214773479759558	-0.007626325736335518	0.007073843028236518	-0.003800990767954698	0.005051144210795534	-0.004810606104867689	0.0013416636321997898	-0.0006506022816620522	0.0005955302075858919	-0.0004306439348739684	-4.06710620627802e-05	0.0	-0.0	0.0	-0.0	-0.0	0.0	-0.0	0.0	-0.0	-0.0	-0.0	-0.0	0.0	0.0	0.0	0.0	0.0	0.0	0.0	0.0	0.0	0.0	0.0	0.0	0.0	0.0	0.0	0.0	0.0	0.0	0.0
GB105	0.11773566090014319	-0.014202436395568492	-0.018840540754103366	-0.020024921360960714	-0.011461531004845267	-0.025901369307066106	-0.003630952602760474	-0.006935872162400529	-0.01584072709136091	0.004133054597517272	-0.007391208919785841	-0.010091740385673528	0.0023875110003909196	0.007651813023657567	0.0010311804023440728	0.0004538528772592757	0.0004169745680112164	0.004709266929425232	-0.00011137043831650408	0.00045217322612790107	-0.0009187633002071701	0.0017871100772257598	0.0001856780651152575	0.0008521109914593398	-0.00201812284501365	0.001252097800130173	-0.0003736970393244407	-0.00031604126419539357	0.001607844262999906	0.0015817199659876864	-2.3929837455230433e-06	-0.00021149265101974798	7.254478426057555e-05	0.0003258321987481043	-7.979565725481559e-05	-4.311941735396273e-05	-1.9210113953190675e-05	0.0	-0.0	0.0	0.0	0.0	0.0	0.0	-0.0	0.0	0.0	-0.0	0.0	0.0	0.0	0.0	0.0	0.0	0.0	0.0	0.0	0.0	0.0	0.0	0.0	0.0	0.0	0.0	0.0	0.0	0.0	0.0
GB108	0.11773566090014319	-0.014202436395568492	-0.018840540754103362	-0.020024921360960703	-0.011461531004845251	-0.025901369307066102	-0.003630952602760477	-0.006935872162400529	-0.015840727091360897	0.004133054597517258	-0.007391208919785873	-0.010091740385673465	0.00238751100039091	0.007651813023657593	0.0010311804023441366	0.0004538528772591241	0.0004169745680114204	0.004709266929425209	-0.00011137043831674867	0.0004521732261283046	-0.0009187633002072166	0.00178711007722569	0.0001856780651154419	0.0008521109914596412	-0.0020181228450132085	0.0012520978001303834	-0.0003736970393245989	-0.0003160412641950283	0.001607844262999734	0.0015817199659876311	-2.392983745341507e-06	-0.00021149265102017952	7.254478426001499e-05	0.00032583219874895265	-7.97956572553541e-05	-4.3119417354439526e-05	-1.921011395167389e-05	-0.0	0.0	-0.0	0.0	0.0	-0.0	0.0	-0.0	0.0	-0.0	0.0	-0.0	0.0	0.0	0.0	0.0	0.0	0.0	0.0	0.0	0.0	0.0	0.0	0.0	0.0	0.0	0.0	0.0	0.0	0.0	0.0
GB110	0.100896178036505	-0.014482426120099872	-0.016226322767120743	-0.016780051051615702	-0.00855122778528423	-0.02428500024721334	0.0008480371298779564	-0.012534983858620027	0.024528719599112535	-0.00468483368089518	0.006683239818316246	0.007838404514471289	0.0037992605708391885	-0.0031301654677982588	0.0004545306555974359	0.0005799522168027224	0.00038889283372175976	-0.006574004135559331	-0.0012125847100457011	-0.00035351799809785087	0.0020054509816022537	0.00012886898526236743	1.9972129822090596e-05	-0.000992522746537254	0.0012194014521132218	-0.001550367370164191	0.0006547638765156196	0.0004875702263748425	-0.0005523583508106443	-0.0014053671047921862	-0.0010381612643537979	0.0007529993345706709	0.00024245608753792924	-0.00029338604332271133	-0.00017645389342266663	7.79812780974738e-05	2.903819570640232e-05	0.0	0.0	0.0	-0.0	-0.0	0.0	-0.0	-0.0	0.0	0.0	-0.0	-0.0	0.0	0.0	0.0	0.0	0.0	0.0	0.0	0.0	0.0	0.0	0.0	0.0	0.0	0.0	0.0	0.0	0.0	0.0	0.0
GB111	0.02057350576072827	0.00799989168038062	0.0058967715234572084	0.005262401675591091	0.003175305405260976	0.004784887947858222	5.962483110714965e-06	0.0028385228409507643	0.007976880217059577	-0.0013993968320956242	0.001839070020613697	-0.00034930126955451315	0.0009028096705980893	-0.0035465095537494506	0.001541316739993103	0.002158543109781766	0.0018998431776877996	-0.0028110780226340377	-0.003523010457251599	-0.0036438789498501054	0.0013298139438127023	-0.0006225255433387242	0.0005976781890076961	0.000239597361493827	0.001332293438469816	-0.0015556624824097991	0.0022775613838772143	-0.001891140536212289	0.007709496867546022	0.0027965151251900925	-0.004536646579270573	0.005990502539419984	-0.005373172897049292	-7.368709441365925e-05	0.0009261330382885586	-0.0006800325440305417	0.0016286546302934633	0.0	-0.0	0.0	-0.0	-0.0	0.0	-0.0	0.0	-0.0	-0.0	-0.0	0.0	0.0	0.0	0.0	0.0	0.0	0.0	0.0	0.0	0.0	0.0	0.0	0.0	0.0	0.0	0.0	0.0	0.0	0.0	0.0
GB118	-0.07958440738526384	-0.094845155118298	0.006373827801357382	0.005265167243141188	-0.008982886641494246	0.015081337022577983	0.004097714271063387	0.017753502896154776	0.005945189286961861	-0.0024467215233321014	-0.00764714171409587	-0.004674362281765898	-0.03235742297292279	-0.025158308135402475	-0.00025633985054396595	-0.001990244731764288	-0.013790900260421929	0.021367508179011126	-0.013085402252541052	-0.04199628936058038	0.020441182528114887	0.012722753217868005	0.0028599787302758897	0.006244361955832658	-0.00034723170297645015	0.00022509788592975155	0.006493090902061231	0.0011103158824207855	-0.001436681009289	0.002674268146410477	0.0012820835977572886	-0.0002720471353360974	0.00020063739887160866	-9.901541309685944e-05	0.00011993395214601937	0.0003686392457612343	-1.3873227719328002e-05	-0.0	0.0	-0.0	0.0	0.0	-0.0	0.0	-0.0	0.0	0.0	0.0	0.0	0.0	0.0	0.0	0.0	0.0	0.0	0.0	0.0	0.0	0.0	0.0	0.0	0.0	0.0	0.0	0.0	0.0	0.0	0.0
GB119	-0.004635908568738912	0.03341846045962082	-0.02212267929874287	0.0023856557266190227	-0.00840110551749595	0.04107139031289606	-0.009530018945065742	-0.0425175363010412	-0.01499118021001408	0.009540869293019682	0.018354635942041665	0.026544361772343702	-0.019080701703365847	-0.006687669287077575	0.007759256037949996	0.0013807007769320743	0.006378239788306046	-0.0014693012128228912	0.015999370483951263	0.0008929841392195762	0.017610928657999025	-0.008815297603209626	0.012592190598664966	-0.01293888943917054	0.0036863950329518056	0.0021059282611136073	-0.008947074448132891	-0.003362148863909749	-0.0013221946938432078	0.000696216585578163	-0.0012795490595653106	-0.0001378294270494858	0.0016729688773914268	0.0014639116297949087	-0.0007138993123192854	-0.0008983622414147519	0.00027382863515091726	0.0	-0.0	0.0	-0.0	-0.0	0.0	-0.0	0.0	-0.0	-0.0	-0.0	0.0	0.0	0.0	0.0	0.0	0.0	0.0	0.0	0.0	0.0	0.0	0.0	0.0	0.0	0.0	0.0	0.0	0.0	0.0	0.0
GB120	0.03347106952464313	0.0027975834573736435	0.02835778583189453	0.012068565555880168	-0.04766536238686991	-0.006405636290894175	9.167904839481425e-05	-0.005100824318118707	0.010832026489401344	-0.0035256040432435527	0.004198453351095472	0.0013843176367154303	0.01463859441349287	-0.003605012691420416	0.011051938784486617	0.008561484405421071	0.0034883493184469103	-0.01084361789730958	-0.02217803475824536	-0.010788064456887042	0.014892151481005114	0.004763550215222599	-0.003071983831755466	0.007528594812510053	-0.013065929853700364	-0.005137433033167687	-0.020777235048528523	0.003322433248298815	0.0013541156504283563	-0.008017601652512222	0.00174903043143994	-0.0021872586409946372	0.0008618841273934862	0.00015659867395544354	4.020533417261689e-05	-0.0009081933645818692	0.00025938650611356486	0.0	-0.0	0.0	-0.0	-0.0	0.0	-0.0	0.0	-0.0	-0.0	-0.0	0.0	0.0	0.0	0.0	0.0	0.0	0.0	0.0	0.0	0.0	0.0	0.0	0.0	0.0	0.0	0.0	0.0	0.0	0.0	0.0
GB123	0.11773566090014317	-0.014202436395568492	-0.01884054075410334	-0.0200249213609607	-0.011461531004845283	-0.025901369307066078	-0.0036309526027605097	-0.006935872162400503	-0.015840727091360876	0.004133054597517233	-0.007391208919785916	-0.01009174038567347	0.0023875110003908646	0.0076518130236575685	0.001031180402344104	0.00045385287725919517	0.00041697456801134924	0.004709266929425273	-0.00011137043831651528	0.0004521732261281287	-0.0009187633002072695	0.0017871100772258067	0.00018567806511537305	0.0008521109914595465	-0.0020181228450136396	0.0012520978001302216	-0.0003736970393244415	-0.0003160412641952487	0.0016078442629998346	0.001581719965987595	-2.3929837453052004e-06	-0.00021149265101974495	7.254478426062202e-05	0.0003258321987487106	-7.979565725498146e-05	-4.3119417354123996e-05	-1.9210113952897537e-05	-0.0	-0.0	0.0	-0.0	0.0	0.0	-0.0	0.0	-0.0	0.0	0.0	-0.0	0.0	0.0	0.0	0.0	0.0	0.0	0.0	0.0	0.0	0.0	0.0	0.0	0.0	0.0	0.0	0.0	0.0	0.0	0.0
GB124	0.04865314747004204	0.017611999526633306	0.007595010069409702	0.0050274103612177315	0.004695185991147496	0.03945308976465539	-0.011589608039549715	0.018086266639110952	-0.09837822200470245	0.01971252400249499	-0.010648204315828537	0.004815424082073083	-0.0025203575146621124	-0.02157267104503704	-0.00334569377719978	-0.014396890185577651	-0.010159524965273498	-0.034631958116794974	0.0025410718978638273	-0.005327382395694863	-0.002412279846548386	0.0010830132839572055	-0.000907167494610526	0.0024512557359904073	0.0004170393191480903	-0.0034378385293422054	-0.004123253352416229	-0.003855587726327251	-0.003930881252728011	0.0010401940046020708	-0.001609039765249087	0.0008676620379971067	-0.0011849929206094022	-0.0005121883150018985	0.0005429662570186046	0.0008513364462565491	1.748914211421635e-06	-0.0	-0.0	-0.0	-0.0	0.0	-0.0	0.0	-0.0	0.0	0.0	0.0	0.0	0.0	0.0	0.0	0.0	0.0	0.0	0.0	0.0	0.0	0.0	0.0	0.0	0.0	0.0	0.0	0.0	0.0	0.0	0.0
GB128	-0.056469659763573286	-0.08049319892355122	-0.01422246644237431	-0.0023611853734518437	0.017172120756695334	0.00463705504652854	0.005971223621869481	0.00486815085426378	-0.0029591886760410046	0.00022422398297462903	0.0047632832826089025	-0.001440135132995887	0.004234328381665486	-0.00161860926454565	0.002010224453594419	-0.004873407997574451	-0.0024063837388604657	-0.0031146071263700435	-0.0066061174601546625	-1.324915249806804e-05	-0.003007542441229857	-0.0004541088424660825	0.002758233671312717	-0.0018658676212905062	0.001116620188564749	-0.004163859604664837	-0.000568931818233562	-0.00041041393622259065	0.0067268036528017935	0.0025528755288810098	-0.0003384936857242518	0.0038203048127250713	0.00355673971541131	0.0017205310385366927	0.003667028097136708	9.770281842411649e-05	-0.000504745117109907	0.0	0.0	0.0	-0.0	-0.0	0.0	-0.0	0.0	-0.0	-0.0	-0.0	-0.0	0.0	0.0	0.0	0.0	0.0	0.0	0.0	0.0	0.0	0.0	0.0	0.0	0.0	0.0	0.0	0.0	0.0	0.0	0.0
GB130	0.011689516836212731	0.010759906058386936	0.008195202589787886	0.007608169620984247	0.004208293556133386	0.007840207617218646	-0.00028800663415804475	0.0034469211119509007	0.00623680355606496	-0.0010080738822833522	0.0021811703814090433	-0.00041996017785977464	0.0019615439045768137	-0.0023560545870856494	0.0012192517826737765	-0.0015055116603958385	-0.0005112739364324301	-0.0006902477132417497	-0.0006636042143292348	-0.0008912494788941127	-0.000972224057446888	0.00026763218277598436	-0.000791483233468651	0.0011386032174066348	0.0011286646482218906	-0.0006310106938466582	-0.0002189084465677404	-0.0017011337628990081	-0.0015469754875883357	-0.0008634617596164391	0.0007714845253742096	-0.0008449243722806452	-0.001018701755523107	-0.0001887917420265863	-0.00013902940032106591	-0.00022362655805218274	0.0005104555633045972	-0.0	0.0	0.0	0.0	-0.0	-0.0	-0.0	-0.0	0.0	0.0	-0.0	0.0	0.0	0.0	0.0	0.0	0.0	0.0	0.0	0.0	0.0	0.0	0.0	0.0	0.0	0.0	0.0	0.0	0.0	0.0	0.0
GB132	0.013402239720292195	0.010076724781368777	0.007645191590174233	0.007099533614977572	0.0038656953242367214	0.007147471739075216	-0.0001275834379694399	0.003120367644048655	0.006735847288864545	-0.0010568842663789628	0.0022783171583084104	-0.0003724451446641399	0.0013259242665878761	-0.001972992965715451	0.0018223178522043812	-0.0010405093730957442	0.00023867750429683874	-0.0022690423259700996	-0.0010286841204061698	-0.001191478645524846	-0.0024478061386874208	0.0002934214935418402	-0.002002661443315872	0.0015861821756665458	0.001419298081795706	-0.0018144455821746458	-0.0019311988691062814	-0.000412903308087562	0.00036964868092687037	-0.00024260751793961073	0.000874517374130175	0.0021782644405339367	0.0015455678278393384	0.0005855041296820899	0.005898072243358456	0.0025736742405820575	-0.0005610021725864367	0.0	0.0	-0.0	0.0	-0.0	-0.0	0.0	-0.0	0.0	-0.0	-0.0	-0.0	0.0	0.0	0.0	0.0	0.0	0.0	0.0	0.0	0.0	0.0	0.0	0.0	0.0	0.0	0.0	0.0	0.0	0.0	0.0
GB136	0.011689516836212731	0.010759906058386936	0.008195202589787886	0.0076081696209842455	0.00420829355613339	0.007840207617218651	-0.00028800663415804475	0.003446921111950896	0.006236803556064967	-0.0010080738822833522	0.002181170381409036	-0.00041996017785977637	0.0019615439045768033	-0.0023560545870856516	0.001219251782673772	-0.001505511660395848	-0.0005112739364324368	-0.0006902477132417513	-0.0006636042143292308	-0.0008912494788940898	-0.0009722240574468719	0.0002676321827759912	-0.0007914832334686407	0.0011386032174066512	0.0011286646482219016	-0.0006310106938466387	-0.00021890844656773556	-0.0017011337628989858	-0.0015469754875883392	-0.0008634617596164295	0.0007714845253741958	-0.0008449243722806593	-0.001018701755523088	-0.0001887917420265732	-0.00013902940032111603	-0.00022362655805206787	0.0005104555633046475	-0.0	0.0	0.0	-0.0	-0.0	-0.0	0.0	-0.0	-0.0	0.0	-0.0	0.0	0.0	0.0	0.0	0.0	0.0	0.0	0.0	0.0	0.0	0.0	0.0	0.0	0.0	0.0	0.0	0.0	0.0	0.0	0.0
GB141	0.011689516836212731	0.010759906058386936	0.008195202589787887	0.007608169620984244	0.004208293556133386	0.00784020761721865	-0.00028800663415804194	0.0034469211119508973	0.006236803556064961	-0.0010080738822833457	0.0021811703814090294	-0.00041996017785977464	0.0019615439045768024	-0.0023560545870856546	0.0012192517826737639	-0.0015055116603958376	-0.0005112739364324317	-0.0006902477132417457	-0.0006636042143292374	-0.0008912494788940948	-0.0009722240574468773	0.0002676321827759854	-0.0007914832334686534	0.0011386032174066257	0.0011286646482219008	-0.0006310106938466291	-0.0002189084465677599	-0.0017011337628989752	-0.0015469754875883505	-0.0008634617596164334	0.0007714845253741931	-0.0008449243722806441	-0.0010187017555230635	-0.0001887917420266138	-0.00013902940032102683	-0.00022362655805205041	0.0005104555633046261	-0.0	0.0	0.0	0.0	0.0	0.0	0.0	0.0	-0.0	-0.0	-0.0	0.0	0.0	0.0	0.0	0.0	0.0	0.0	0.0	0.0	0.0	0.0	0.0	0.0	0.0	0.0	0.0	0.0	0.0	0.0	0.0
GB148	0.100896178036505	-0.01448242612009988	-0.016226322767120757	-0.0167800510516157	-0.008551227785284245	-0.02428500024721335	0.0008480371298779693	-0.01253498385861999	0.024528719599112514	-0.004684833680895213	0.006683239818316226	0.0078384045144713	0.0037992605708391967	-0.0031301654677981998	0.00045453065559741135	0.0005799522168027445	0.00038889283372162527	-0.006574004135559222	-0.001212584710045668	-0.000353517998097988	0.0020054509816022264	0.0001288689852623183	1.9972129822106425e-05	-0.0009925227465372034	0.001219401452113107	-0.0015503673701640027	0.0006547638765155762	0.0004875702263750058	-0.0005523583508107033	-0.0014053671047921242	-0.0010381612643534871	0.0007529993345706662	0.0002424560875383693	-0.00029338604332220864	-0.00017645389342263462	7.798127809752146e-05	2.9038195704200243e-05	-0.0	-0.0	-0.0	0.0	0.0	-0.0	-0.0	-0.0	-0.0	0.0	-0.0	0.0	0.0	0.0	0.0	0.0	0.0	0.0	0.0	0.0	0.0	0.0	0.0	0.0	0.0	0.0	0.0	0.0	0.0	0.0	0.0
GB151	-0.027739372984587896	0.0005515187884933978	-0.03398884729854653	0.006559343075611364	0.004266257933978847	0.025313433649371605	0.006406855626304742	0.031210839313986386	0.010824797816232457	-0.034031591455630006	-0.026879065524784865	0.0005791223720286291	-0.005193537452899531	-0.0035969020911463226	0.02862312739743791	-0.002458679065344856	-0.0222916438068859	-0.0011811885300191548	-0.0016098853944755027	0.012909280866809994	0.004081023301972869	0.017660658472119888	-0.004349693680760604	-0.024227625491275353	0.0024965973256915043	-0.003305696606096917	-0.0002054300373891678	0.01042317175894906	0.0028839570909780757	-0.0029299181427786983	-0.001213026977337362	0.00028660186441479077	-0.00029867122160071247	0.00016253191435613838	0.00016668401818202235	-0.000281927580930977	-0.00013842604548672282	0.0	0.0	0.0	-0.0	-0.0	0.0	-0.0	0.0	-0.0	-0.0	-0.0	-0.0	0.0	0.0	0.0	0.0	0.0	0.0	0.0	0.0	0.0	0.0	0.0	0.0	0.0	0.0	0.0	0.0	0.0	0.0	0.0
GB154	0.100896178036505	-0.014482426120099872	-0.016226322767120743	-0.01678005105161568	-0.008551227785284254	-0.02428500024721332	0.0008480371298779631	-0.01253498385861998	0.02452871959911252	-0.004684833680895206	0.00668323981831621	0.007838404514471303	0.0037992605708391425	-0.003130165467798224	0.00045453065559739243	0.0005799522168028293	0.00038889283372167346	-0.0065740041355592605	-0.0012125847100457124	-0.0003535179980979353	0.0020054509816021483	0.0001288689852623196	1.997212982208763e-05	-0.0009925227465372363	0.0012194014521131466	-0.0015503673701641072	0.0006547638765156015	0.000487570226374948	-0.0005523583508106189	-0.0014053671047921797	-0.0010381612643534275	0.000752999334570732	0.00024245608753822395	-0.0002933860433222228	-0.00017645389342255667	7.798127809711794e-05	2.903819570451497e-05	0.0	0.0	0.0	0.0	0.0	-0.0	0.0	0.0	-0.0	-0.0	0.0	-0.0	0.0	0.0	0.0	0.0	0.0	0.0	0.0	0.0	0.0	0.0	0.0	0.0	0.0	0.0	0.0	0.0	0.0	0.0	0.0
GB155	0.010741581075547948	0.02755676961452585	-0.011028509545972343	0.02204055608161563	-0.005913298324185316	0.026261591563328742	0.0003293519139527718	0.007800037689615376	0.006831986498008884	0.008339301569457927	0.021900155166132373	-0.0004394902664475491	0.0024208401262896233	-0.0017315962783149982	-0.01763212346128518	-0.001421138001139902	0.015573590659941022	-0.0008870711392545318	0.003434512688491135	-0.004618192649932249	-0.004943925423759071	-0.015050859112167147	0.019009673867020585	-0.004791187099217741	-0.018532074233911042	0.0010166358948415	0.005920412920415853	0.020915484027414995	-1.1789054269973391e-05	-0.0011404258773511538	-5.6972014693227716e-05	7.80990282312993e-05	-0.0009832812318061562	-0.00024592673978335934	0.000867913768359528	0.0005660527368703285	-7.566306601947412e-05	-0.0	-0.0	-0.0	0.0	0.0	-0.0	0.0	-0.0	0.0	0.0	0.0	0.0	0.0	0.0	0.0	0.0	0.0	0.0	0.0	0.0	0.0	0.0	0.0	0.0	0.0	0.0	0.0	0.0	0.0	0.0	0.0
GB158	0.03154246700433671	0.007914108534734138	0.0051281963666943075	0.004787378477311522	0.0017806164665832732	0.007761283089630978	-0.002816381926467193	0.009650345681156651	-0.024740678801407723	0.005220635518454768	-0.010344279334271553	-0.01380323109983814	-0.00168105934643921	0.005863427700176269	0.0010497089506901595	0.005643092164303363	0.0035581421704383985	0.006886838318500552	-0.0012730261197209788	-0.0010694972211386256	-0.0046562449549119485	-0.00045754174676017654	-0.0009429341701772111	0.001563176812950758	-0.0008766343012740029	-0.001446239077688168	0.0009435275102300458	0.00034821829199964947	0.0032958005859852445	-0.0029512799877230386	-0.0004146032582152594	0.005258630101116701	-0.0032287171500489102	0.004997180754188104	-0.0008989370800582167	-0.0006807342848336576	-0.0002730169056021125	-0.0	0.0	-0.0	0.0	0.0	-0.0	0.0	-0.0	0.0	0.0	0.0	0.0	0.0	0.0	0.0	0.0	0.0	0.0	0.0	0.0	0.0	0.0	0.0	0.0	0.0	0.0	0.0	0.0	0.0	0.0	0.0
GB161	0.011689516836212731	0.010759906058386936	0.008195202589787886	0.0076081696209842455	0.004208293556133386	0.007840207617218648	-0.00028800663415804616	0.0034469211119508986	0.006236803556064964	-0.0010080738822833457	0.002181170381409031	-0.0004199601778597787	0.0019615439045768037	-0.0023560545870856533	0.0012192517826737587	-0.001505511660395827	-0.0005112739364324388	-0.0006902477132417599	-0.0006636042143292403	-0.0008912494788941148	-0.0009722240574468629	0.000267632182775995	-0.0007914832334686392	0.001138603217406612	0.0011286646482218993	-0.000631010693846622	-0.00021890844656775936	-0.001701133762898942	-0.0015469754875883375	-0.000863461759616463	0.0007714845253741971	-0.0008449243722806301	-0.0010187017555230845	-0.00018879174202649583	-0.00013902940032104708	-0.0002236265580521061	0.0005104555633044569	0.0	0.0	0.0	-0.0	0.0	-0.0	0.0	-0.0	0.0	-0.0	-0.0	-0.0	0.0	0.0	0.0	0.0	0.0	0.0	0.0	0.0	0.0	0.0	0.0	0.0	0.0	0.0	0.0	0.0	0.0	0.0	0.0
GB163	0.027768702934326824	0.009231314740096168	0.006381343121436624	0.005797407790647204	0.0021407971123817205	0.009286262169532615	-0.003164479236189847	0.010261804487529058	-0.02565625377675613	0.004770917809869407	-0.008561660812143431	-0.012896465776016672	-0.0011447265051245468	0.006091318184624788	0.00015269096334125212	0.0010658189364573893	0.001132760760521473	0.010083937700622662	-0.0014821623421541804	0.0006026640913292571	-0.0045931974066063365	0.0017486179118330722	-0.000601873811721893	0.000999067372094962	-0.002214967691354597	0.0009095505418752405	-0.0024847659284166993	0.0008967482452723079	0.0028981530229179927	-0.0005054570610884668	5.694883817425507e-05	-0.0010007142967882385	0.0023895547010107593	-0.0050770259823205545	0.00010350934102467213	0.002202620691161003	0.0007097620552316152	-0.0	0.0	-0.0	0.0	0.0	-0.0	0.0	-0.0	-0.0	0.0	0.0	0.0	0.0	0.0	0.0	0.0	0.0	0.0	0.0	0.0	0.0	0.0	0.0	0.0	0.0	0.0	0.0	0.0	0.0	0.0	0.0
GB164	-0.041919153575645234	0.06338551948446136	0.14930288802651825	0.031131564190970754	-0.07036198646706394	-0.05019970046898283	-0.00647992445638533	-0.010540568563011294	0.004743572781283113	-0.0003358567790278173	-0.02101532175982524	0.026471562088014745	-0.007703360874242622	0.021822470987139967	-0.006207879588419771	0.0006838869864074841	0.007755788048129347	0.0006692820427260188	0.00983911488588557	0.002754373789249176	0.010122785886995445	0.007522433479425776	-0.006631537416644159	0.005554875598224631	-0.00346561821156197	0.0007541719217718363	0.003382844477286012	0.001100856021001861	-0.00029806619356149435	0.0009038345377081708	0.0005141207159348535	-0.00028570079273060745	3.7707094509595858e-06	0.00012165407014229999	0.00012231161526924725	0.0001812933517425783	3.0504492358507133e-05	0.0	-0.0	-0.0	0.0	0.0	0.0	0.0	-0.0	0.0	0.0	0.0	0.0	0.0	0.0	0.0	0.0	0.0	0.0	0.0	0.0	0.0	0.0	0.0	0.0	0.0	0.0	0.0	0.0	0.0	0.0	0.0
GB165	-0.05864760255082697	-0.08192638240839749	-0.009661465832158158	-8.933124421814099e-05	0.016362500963970357	0.00836414896507244	0.005179581126734017	0.007107789753829585	-0.005631132925012901	0.0012988071087207992	0.006781050023143301	0.012183106657193297	-0.017207912926086408	0.012530153598249839	0.007392859593293306	0.0048114307453489885	0.00039878103143035394	0.0028980202077611068	0.009180163276002027	0.009331786249561396	0.01997130004942831	-0.009798757442369441	0.00040028920418147513	-0.003900427740580274	0.004042923704969719	0.0016560718732059406	-0.001236614748807704	-0.0002862411557265219	-0.002579992118786249	0.0008288232011187562	-0.00033206154189478347	-0.00035492183594967814	-0.0007673102135018038	-0.0004612477833248276	0.00048204047865280954	0.0006781757663498327	-0.0002118638229207962	0.0	0.0	0.0	-0.0	0.0	-0.0	0.0	-0.0	0.0	0.0	0.0	-0.0	0.0	0.0	0.0	0.0	0.0	0.0	0.0	0.0	0.0	0.0	0.0	0.0	0.0	0.0	0.0	0.0	0.0	0.0	0.0
GB168	0.100896178036505	-0.014482426120099886	-0.01622632276712074	-0.016780051051615688	-0.00855122778528427	-0.024285000247213327	0.000848037129877955	-0.012534983858620003	0.02452871959911255	-0.00468483368089521	0.006683239818316233	0.007838404514471245	0.0037992605708391256	-0.00313016546779826	0.0004545306555973808	0.0005799522168027621	0.0003888928337217312	-0.006574004135559221	-0.0012125847100456172	-0.00035351799809788366	0.002005450981602148	0.0001288689852623883	1.9972129822171413e-05	-0.0009925227465372322	0.0012194014521130937	-0.001550367370164133	0.0006547638765155905	0.00048757022637491035	-0.0005523583508105474	-0.0014053671047921119	-0.0010381612643535242	0.0007529993345707912	0.00024245608753830554	-0.00029338604332234417	-0.00017645389342256528	7.798127809741323e-05	2.9038195704556997e-05	-0.0	-0.0	-0.0	-0.0	-0.0	0.0	0.0	-0.0	0.0	-0.0	0.0	0.0	0.0	0.0	0.0	0.0	0.0	0.0	0.0	0.0	0.0	0.0	0.0	0.0	0.0	0.0	0.0	0.0	0.0	0.0	0.0
GB169	0.013095913760849783	0.008883436793494343	0.012590752768064387	0.009773689268582606	0.002785958711782079	0.0112436858298158	-0.0006696938353761086	0.006902394909511842	0.003983568482104461	-0.0015880841144037775	0.007162278159932803	0.013382700747361611	-0.012135867235009477	0.008090431911143354	0.00570896912175297	0.0027303217257534183	0.0004202183221104817	0.001047500054835372	0.007619005090277839	0.005091293236149413	0.016158630105039824	-0.0060483715391532605	-0.0022314431837062625	-0.0006815692139142689	0.0014902821441152376	0.002025398228143312	-0.002153143455085306	-0.0008813185416893714	-0.0034178371277337936	0.0015119652495985134	0.0012054529148678517	-0.0010469108154175586	-0.001005238148010255	0.0009949254551869248	0.0008617094860055166	0.001763470313923704	1.1117800245963876e-05	-0.0	0.0	-0.0	0.0	0.0	-0.0	0.0	-0.0	0.0	0.0	0.0	0.0	0.0	0.0	0.0	0.0	0.0	0.0	0.0	0.0	0.0	0.0	0.0	0.0	0.0	0.0	0.0	0.0	0.0	0.0	0.0
GB171	0.01890425364001964	0.00872784341412298	0.006388034880386481	0.005986031382185454	0.0035999776280004427	0.005953422958292512	-0.00022706315042836508	0.0027473465312178873	0.0070751189040097	-0.001657974813335814	0.001986273620794753	0.00011476381518073564	0.0015412250990469731	-0.0018512506241296996	5.8934495566628934e-05	-0.004042634155701495	0.00145467052111212	0.00016923884121452636	-0.003867687772379514	-0.00037978490389350554	-0.000723783888372369	8.059380465754484e-05	0.00020163852968811718	-0.0037539585117002234	-0.0011607891770781136	0.0023564762656807796	0.0034784662047845677	-0.004781159617099776	0.0016378700442108035	-0.004888264868606781	4.606981945695086e-05	0.004558370779374344	0.007659767448025914	-0.00143187538525793	-0.002231680025532533	-0.00023406472807164773	-6.873142473856713e-05	0.0	0.0	-0.0	0.0	0.0	-0.0	0.0	-0.0	0.0	0.0	0.0	-0.0	0.0	0.0	0.0	0.0	0.0	0.0	0.0	0.0	0.0	0.0	0.0	0.0	0.0	0.0	0.0	0.0	0.0	0.0	0.0
GB172	0.03434182445280682	0.007677962512083667	0.004667296374070504	0.0041030999311737655	0.0013730289731914602	0.007530339755093592	-0.003224611376402384	0.00952730237368543	-0.02560820313145473	0.004809533328783067	-0.009819668480369042	-0.012894602624823823	-0.0003433967453542496	0.005726934363973462	-0.0004349952126014418	0.00644121090244659	0.0010034581760612847	0.009838772155580239	-0.0007435919321268642	0.0009555497864930336	-0.005284007562799655	0.002277357622761308	0.0005604262482571805	-0.001122768097605853	-0.0009128105672308823	0.00283050367186897	0.0044202422095324725	0.0015337996884889076	-0.002069330257730478	0.002418840286741435	0.0009583918830520735	-0.0009986319100658088	0.006022518932777247	0.004016346305658706	-0.0008528323564115449	0.00030064170392036556	0.0016726300577728063	0.0	-0.0	0.0	-0.0	-0.0	0.0	-0.0	0.0	-0.0	-0.0	-0.0	0.0	0.0	0.0	0.0	0.0	0.0	0.0	0.0	0.0	0.0	0.0	0.0	0.0	0.0	0.0	0.0	0.0	0.0	0.0	0.0
GB174	0.11773566090014317	-0.014202436395568485	-0.01884054075410334	-0.020024921360960696	-0.011461531004845298	-0.02590136930706607	-0.003630952602760513	-0.006935872162400505	-0.015840727091360876	0.0041330545975172255	-0.007391208919785946	-0.010091740385673486	0.0023875110003908056	0.007651813023657595	0.001031180402344102	0.00045385287725924667	0.00041697456801134756	0.004709266929425215	-0.00011137043831661465	0.0004521732261280631	-0.000918763300207213	0.0017871100772257882	0.00018567806511548106	0.0008521109914595159	-0.002018122845013376	0.001252097800130334	-0.00037369703932432844	-0.00031604126419524574	0.0016078442629999406	0.0015817199659876554	-2.3929837453264084e-06	-0.00021149265101979306	7.25447842602864e-05	0.00032583219874845185	-7.979565725506773e-05	-4.311941735408839e-05	-1.9210113952290055e-05	0.0	0.0	-0.0	-0.0	-0.0	-0.0	0.0	0.0	-0.0	-0.0	-0.0	0.0	0.0	0.0	0.0	0.0	0.0	0.0	0.0	0.0	0.0	0.0	0.0	0.0	0.0	0.0	0.0	0.0	0.0	0.0	0.0
GB175	0.011689516836212731	0.010759906058386936	0.008195202589787887	0.007608169620984247	0.00420829355613339	0.00784020761721865	-0.0002880066341580476	0.0034469211119508973	0.006236803556064967	-0.0010080738822833457	0.002181170381409044	-0.00041996017785978304	0.0019615439045767968	-0.0023560545870856485	0.0012192517826737652	-0.0015055116603958404	-0.0005112739364324225	-0.0006902477132417517	-0.0006636042143292267	-0.0008912494788941077	-0.0009722240574468737	0.0002676321827760062	-0.00079148323346864	0.0011386032174065975	0.0011286646482219008	-0.0006310106938466387	-0.00021890844656774933	-0.0017011337628989563	-0.0015469754875883433	-0.0008634617596164541	0.0007714845253741822	-0.000844924372280636	-0.0010187017555230648	-0.00018879174202660187	-0.00013902940032107947	-0.0002236265580520035	0.0005104555633044464	-0.0	-0.0	0.0	-0.0	0.0	0.0	0.0	0.0	0.0	0.0	-0.0	-0.0	0.0	0.0	0.0	0.0	0.0	0.0	0.0	0.0	0.0	0.0	0.0	0.0	0.0	0.0	0.0	0.0	0.0	0.0	0.0
GB176	0.031656333930355246	0.00815521043005043	0.005228227785750449	0.004720764826555904	0.0017356948644519168	0.008054258374619682	-0.0029522671285418605	0.009976104309787924	-0.02483852895273744	0.005145617328801602	-0.009413148596893493	-0.012905641635389832	-0.0012807408378646588	0.005380941008320179	0.0003482326369914073	0.002376853374094071	0.0017521342719517747	0.008911973732543902	-0.0022202900592279916	0.0004929666881343322	-0.003389305625327957	0.0011279035794552234	-0.00034232771430089373	-0.0009967826258328381	-0.0031960270741028204	0.0038942755176276903	-0.0024402408386498217	-0.00013107656491013526	-7.449415280272742e-05	0.001191822785885894	0.005334861202470336	-0.0026846207527763876	-0.004555508236461645	0.000295153577454467	-0.0013776217712205198	0.0014506927896653105	-0.0006694005073052641	0.0	0.0	0.0	-0.0	-0.0	0.0	-0.0	0.0	0.0	-0.0	-0.0	-0.0	0.0	0.0	0.0	0.0	0.0	0.0	0.0	0.0	0.0	0.0	0.0	0.0	0.0	0.0	0.0	0.0	0.0	0.0	0.0
GB178	0.009604714990688051	-0.11147122520297573	-0.05261001308929316	-0.03562142864014785	0.011694534376052772	-0.041307367287282064	0.010052434868656503	-0.028270860929478298	0.03674100488803251	0.0049844650581945165	-0.022846918805763193	-0.015199845267477462	-0.010475969095224346	-0.005992975511207234	0.009752537330691051	0.02540301692342339	0.008878731176572254	-0.021275498445865713	0.009753971810194585	-0.009558541029997978	-0.0027011358134031503	-0.0053126712800235475	9.858604534719392e-05	0.006740397126003061	0.004159779921581695	-0.005558075541200889	0.0037296616770810726	-0.0006751033523846909	-0.0003519476255887101	0.001783135496586852	0.0004586887145567179	0.0009164836964428109	-0.0009575136056315219	2.872521404598908e-06	0.000427716132226213	0.00040875844045789526	-0.00011148534030530751	-0.0	0.0	-0.0	0.0	0.0	-0.0	0.0	-0.0	0.0	0.0	0.0	0.0	0.0	0.0	0.0	0.0	0.0	0.0	0.0	0.0	0.0	0.0	0.0	0.0	0.0	0.0	0.0	0.0	0.0	0.0	0.0
GB183	0.026943880144178374	0.009634739063910849	0.006668942153435389	0.006046547222402372	0.0024514273235094093	0.009586649100232658	-0.0033205047083797417	0.010619915992658414	-0.025720074641673522	0.004800186423647067	-0.00802984506041992	-0.012500953240719277	-0.000953876125172479	0.005986776785197243	-0.00020937529868181038	-0.0002408893798180585	0.0003730059145801803	0.010869325274578831	-0.0014782955190825084	0.00039735585819724976	-0.00362406600486359	0.0012030592792223892	0.0006284939275382507	0.001288020518109836	-0.0011060455376332063	0.0005821576878352365	-0.0003861605764262564	9.091016112099935e-05	0.0017252997583141565	0.0037708053330471696	-0.001717711449832662	-0.004069230217739553	0.0008858073310636717	-0.0004449024627466336	0.002112599945193083	-0.0036631419863481637	-0.0012937731063339152	0.0	0.0	0.0	0.0	-0.0	0.0	0.0	-0.0	0.0	-0.0	-0.0	-0.0	0.0	0.0	0.0	0.0	0.0	0.0	0.0	0.0	0.0	0.0	0.0	0.0	0.0	0.0	0.0	0.0	0.0	0.0	0.0
GB185	0.11773566090014317	-0.014202436395568485	-0.018840540754103352	-0.020024921360960696	-0.011461531004845323	-0.025901369307066092	-0.003630952602760487	-0.006935872162400516	-0.015840727091360883	0.004133054597517217	-0.007391208919785889	-0.01009174038567349	0.0023875110003908273	0.007651813023657556	0.0010311804023441285	0.0004538528772592416	0.00041697456801134144	0.004709266929425198	-0.00011137043831661771	0.00045217322612805416	-0.000918763300207214	0.0017871100772257316	0.0001856780651154328	0.0008521109914594376	-0.0020181228450134665	0.001252097800130251	-0.000373697039324283	-0.00031604126419523414	0.0016078442629998584	0.001581719965987698	-2.3929837453731888e-06	-0.00021149265101982483	7.254478426039349e-05	0.00032583219874866484	-7.979565725514868e-05	-4.311941735416632e-05	-1.921011395348146e-05	0.0	0.0	-0.0	-0.0	0.0	0.0	-0.0	-0.0	0.0	0.0	0.0	0.0	0.0	0.0	0.0	0.0	0.0	0.0	0.0	0.0	0.0	0.0	0.0	0.0	0.0	0.0	0.0	0.0	0.0	0.0	0.0
GB189	-0.0020902485150741555	-0.009413664491151219	0.0035555043719909096	0.006620336192676478	0.008031998160893583	0.0070691653633213275	0.0006590404510628472	0.004650795536109795	0.002818040720309142	0.00028468877163801884	0.0025197552160890397	-0.0006351014184260967	0.0047085120883595104	-0.0030615450973789414	-0.0014995545928258207	0.0016383500882889768	0.0018344435870711875	0.0007644327590741963	-0.004008118340104885	-0.001369602634709603	0.00028903510147696413	0.0017398924090871334	-0.0008803107687778181	0.004037703085360377	-0.0021123453873671976	0.003107918165598601	-0.002128832196126771	0.002228885689805585	-0.012406820820537092	0.008064236096289498	-0.006953298794398324	0.006672733189433887	0.0013759902204389521	-0.001604546445489562	-0.0010352793509157904	-0.0011048625031957761	-0.0004690046457487463	0.0	0.0	0.0	-0.0	-0.0	0.0	-0.0	0.0	-0.0	-0.0	-0.0	-0.0	0.0	0.0	0.0	0.0	0.0	0.0	0.0	0.0	0.0	0.0	0.0	0.0	0.0	0.0	0.0	0.0	0.0	0.0	0.0
GB191	0.07192775238461804	-0.0068392451103389176	-0.008025233012977532	-0.00829641728526798	-0.004069898037802907	-0.012463448674999846	0.0011025996448542283	-0.005874235009463057	0.018094812644077498	-0.00336119293969612	0.00433835948290784	0.006139006452556373	0.004923912224672984	-0.005587539490713856	-0.00228969949812015	-0.0016567573202682414	0.00101163130134921	-0.0025582952767176266	-0.003165073859971538	0.0012024833908356942	-0.0005542827242875782	0.00336589518036339	0.001282354722431223	-0.012384651973417826	-0.005610524849652215	0.01705526323414804	0.0017424497990661159	-0.006949536306455594	-0.00580335537728763	0.004743251905806341	0.009291126726951732	0.0008111631249702225	-0.0015930719243139745	0.00019385458196038925	0.0013652617372366014	-0.000286543536251802	-7.370472222051935e-06	0.0	-0.0	-0.0	0.0	0.0	0.0	0.0	-0.0	0.0	0.0	0.0	0.0	0.0	0.0	0.0	0.0	0.0	0.0	0.0	0.0	0.0	0.0	0.0	0.0	0.0	0.0	0.0	0.0	0.0	0.0	0.0
GCDF193	0.010950409327327975	0.026378213345112998	0.031230143862348066	0.00981002783771853	0.019594162145475925	-0.0033771404959435027	0.0016347638894449784	0.018763325583978006	-0.009783007359789936	0.007674949188047617	-0.001869058848065751	0.017451302199872898	-0.00291798904025732	-0.013028287172732161	-0.01349768986248389	-0.008604100959871533	-0.005046765203569493	-0.03753453876312991	0.011779890946375757	0.0024222478273342785	0.006830957878272241	0.009017219988273753	-0.0007114145805388755	0.0039727373401951625	-0.004469907355409732	0.004351105730761861	0.010412372624845963	0.002996478093792989	0.0047401923020632935	-0.00160707088170681	0.002091150842593519	-0.0004861844121676154	0.0012460507971979702	4.131324134864395e-05	-0.0007861870926311462	-0.0010334738842032024	-4.1162584855740637e-05	0.0	0.0	0.0	-0.0	-0.0	0.0	-0.0	0.0	-0.0	-0.0	-0.0	-0.0	0.0	0.0	0.0	0.0	0.0	0.0	0.0	0.0	0.0	0.0	0.0	0.0	0.0	0.0	0.0	0.0	0.0	0.0	0.0
GCDF194	-0.05218764072463653	0.177272410149168	-0.06691302699937443	0.2070185271253392	0.07216374334247092	-0.06666979186210441	-0.044520648472009344	-0.02875734054559399	0.01354007854220769	0.016874221069014424	-0.006698915078142645	-0.018644786396177587	-0.008473796543117359	-0.00239313266475591	0.008242829791408444	-0.0029131916301922715	-0.008687341452970081	0.0003463812032265524	-0.0005365586448036681	-0.0024409372868933626	-0.0018495868664599308	-0.0019443164205142124	3.993792854685891e-05	0.000318884572461315	0.00010225115766679818	-0.0004163906343315221	-0.0016537392571913724	-0.0006633476320538435	-0.0007911964280113129	0.00011792893117838394	-0.00020278501203582782	7.241631397151779e-05	-5.7270400580819416e-05	-8.657191459676349e-05	4.3935638947529114e-05	5.00556927532231e-05	1.6405168870913567e-05	0.0	-0.0	0.0	-0.0	-0.0	0.0	-0.0	0.0	-0.0	-0.0	-0.0	0.0	0.0	0.0	0.0	0.0	0.0	0.0	0.0	0.0	0.0	0.0	0.0	0.0	0.0	0.0	0.0	0.0	0.0	0.0	0.0
GCDF197	-0.14395667735367726	0.2881396191818197	-0.08395903222615404	-0.13402324347176464	-0.031906609459722506	0.04415165789224244	-0.010610532720369794	-0.05345568713210657	0.011268406394767368	-0.005874815266755449	-0.031179209203137794	-0.009395418582557427	-0.013687970741348662	0.010001140668732344	-0.0005130721422629855	-0.004068541207081185	-0.011340688782431354	-0.0030500649744098856	0.0036014861918632216	-0.005128390047508942	-0.0005526823341534348	0.0024893640905698238	-0.0004870129644496983	0.005130130817428885	-0.0035116778465073225	0.001551177493854758	0.000947785410599971	0.0016447846656878976	-0.0003808749426853122	0.00011754092160961435	0.000252338849787731	0.00011870473176561434	-0.00011235942065426247	-0.00025660936924855733	5.944559250382347e-05	9.179473661640708e-05	-1.0818506449656496e-05	0.0	-0.0	0.0	-0.0	-0.0	0.0	-0.0	0.0	0.0	-0.0	-0.0	0.0	0.0	0.0	0.0	0.0	0.0	0.0	0.0	0.0	0.0	0.0	0.0	0.0	0.0	0.0	0.0	0.0	0.0	0.0	0.0
GCDF200	0.048611278511774235	0.0050865428467937995	0.006220833687519634	0.002886911583500119	-0.003051481011049682	0.005336190776380463	-0.00456831679372391	0.01053492614042547	-0.03149111034150689	0.005052159468073063	-0.0035906958269061994	-0.0010307942045784068	-0.016263033146725843	0.020623712567360432	0.005084478764819691	0.010477461939705768	0.0028375010664460584	0.016221339396056654	0.009996453535726268	0.0085693853297406	0.01899170087487414	-0.009279845881937997	0.0014135174707756615	0.0011850634669727462	0.0022810454303461157	-0.00044002644151868033	-0.0008828301800858892	0.000689214128561844	0.005629825066890241	-0.002307195875274068	-0.0014946610618588538	0.003193022619680228	-0.0006755317659924205	-0.0016429411202555603	-0.00016828731411598497	-0.0007261780900184988	-0.00013283192870460769	0.0	-0.0	0.0	-0.0	-0.0	0.0	-0.0	0.0	-0.0	-0.0	-0.0	-0.0	0.0	0.0	0.0	0.0	0.0	0.0	0.0	0.0	0.0	0.0	0.0	0.0	0.0	0.0	0.0	0.0	0.0	0.0	0.0
GCDF202	-0.047883300295755146	-0.08704020598262847	-0.020840141860697384	-0.005483900249278498	0.01790323252145659	-0.0011703051741392021	0.006948124689100492	0.0006171637451822588	0.0034445972989124154	0.0010188773522509565	-0.0013828627841730437	-0.0028521690713748157	0.0018600635121719697	-0.007295205792784239	0.004831405803862177	0.005276075237579445	-0.005831336254340558	0.0006610410105642837	-0.005551492622058284	0.005136737909196604	-0.0037185846061794457	0.004711008148487249	0.005296004607646179	-0.008309210679275418	-0.013862283003375008	0.01474655144135798	0.0008967844990727048	-0.007518831719859673	0.00237548131838148	-0.002239141014870789	-5.4416909805394266e-05	0.0011895996727374894	-0.0009834453483751142	-0.0028056421605850614	-0.0018645314591088215	0.0007912101791015062	-0.000383085169686841	-0.0	0.0	-0.0	0.0	0.0	-0.0	0.0	-0.0	0.0	0.0	0.0	-0.0	0.0	0.0	0.0	0.0	0.0	0.0	0.0	0.0	0.0	0.0	0.0	0.0	0.0	0.0	0.0	0.0	0.0	0.0	0.0
GCDF204	0.01621484942144488	0.009497240900594901	0.006943170872071309	0.006477204475236191	0.0036503985766619786	0.006413410312558196	-0.00010267868507163922	0.003030195856448254	0.007118487686816445	-0.0008185228262041142	0.0012975531894447105	-0.0006360450597971874	0.0015443383197508717	-0.002862137591738437	0.0008846273531217561	0.0004762160542576462	0.0006022928251580083	-0.00239029351236795	-0.0011822134685091795	-0.00106352144111785	-0.0002364048589005123	-0.0005392225773315371	7.451374713120284e-05	0.002611389744009184	0.0018955477328015586	-0.005349751132241429	-0.0006316815708718052	-0.000518682886340849	0.001240818726600049	-0.0016239737802784678	-0.0024225675761004807	0.0002459804336192418	0.000507154235862546	0.003930409459495631	-0.0042639765262172885	0.0023919552628783613	-0.0019081405071749264	0.0	0.0	0.0	-0.0	-0.0	0.0	-0.0	0.0	0.0	-0.0	-0.0	-0.0	0.0	0.0	0.0	0.0	0.0	0.0	0.0	0.0	0.0	0.0	0.0	0.0	0.0	0.0	0.0	0.0	0.0	0.0	0.0
GCDF206	0.042427718375104784	0.0018253183220410362	0.0003443393604899175	-0.000596599289171606	-6.530174785362509e-05	-0.0018768061896475366	0.0003139951506226975	-0.00038901510266150835	0.012294750969752908	-0.002770033626157732	0.003596957067730001	0.0034858288776490527	0.0022234778108737563	-0.004855018961939146	-4.109937079594122e-05	0.005101807775961827	-0.0004657273324267107	-0.002173456091756059	-0.0023642947511490838	-0.0006621564066623478	0.00012866340733658346	0.0020449377699707145	-1.3342975107988899e-05	-0.003168304984277767	-0.003985631866874281	0.006536380615085853	0.005477218012694108	-0.004297546498001099	-0.0014553471726929832	0.0009202764080653669	-0.016462944594422546	-0.008197329374306579	6.1005456681994083e-05	0.0018023649318493794	0.0014245794906064392	0.00022903160029144447	-0.00019884351899514602	-0.0	0.0	-0.0	0.0	0.0	-0.0	0.0	0.0	-0.0	0.0	0.0	0.0	0.0	0.0	0.0	0.0	0.0	0.0	0.0	0.0	0.0	0.0	0.0	0.0	0.0	0.0	0.0	0.0	0.0	0.0	0.0
GCDF214	0.043244763748905575	0.0013911285226414726	-0.00017969247094944235	-0.0010353012039309697	-3.1244380230559455e-05	-0.0026102614697001724	0.0004990614206036864	-0.0013421425392007374	0.011730619153375092	-0.002736282700845781	0.003665480085310397	0.004003772977622091	0.00407254968146162	-0.0039572632042547936	-0.0016724600533513257	-0.002944100489989058	0.0023336233780121697	-0.005471991280776007	0.0008054079559091334	0.0005696493525050502	-0.001402976206090702	-0.0003768747133162735	-0.0019555381654535894	-0.0005350663323561204	0.00968201563069742	-0.004397852863963419	-0.007710920483913074	0.009535785307343989	0.0035138065272747963	0.01639180003442973	0.004772026619221902	-0.0028164910009884727	0.001983711490810093	-0.001340121958152185	-0.0017116813309171351	0.00015570526948541178	-4.278858557234679e-05	-0.0	0.0	-0.0	0.0	0.0	-0.0	0.0	-0.0	0.0	0.0	0.0	0.0	0.0	0.0	0.0	0.0	0.0	0.0	0.0	0.0	0.0	0.0	0.0	0.0	0.0	0.0	0.0	0.0	0.0	0.0	0.0
GCDF215	-0.05358683629153381	0.1568284141221444	0.049195082847913164	-0.09031885104889842	0.013775692362820549	-0.043240828717304634	-0.043350154155828165	0.09662909508900708	0.036491147436520634	0.06301836795672788	0.015060935188241007	-0.013227177548129335	0.003987508761233647	-0.02272776650131014	0.007976433601990084	0.0027224143594550103	0.0030330961632581217	0.0050149132193294385	-0.0016306108574126786	0.003392973435040531	-0.0004011005634795453	-0.007841800823257878	0.0006681141030780793	-0.004114499048889622	0.00416281079729875	-4.001616661700982e-05	-0.0037274239075918638	-0.0019486491470921503	-0.00042769656973351837	-0.00013270018008501656	-0.0006097581014581817	0.00019003231570369357	6.897644911224018e-05	0.00016474166370475206	-2.9385512981588798e-05	-2.5324044808136666e-05	2.479405064706752e-05	0.0	-0.0	0.0	-0.0	-0.0	0.0	-0.0	0.0	-0.0	0.0	-0.0	0.0	0.0	0.0	0.0	0.0	0.0	0.0	0.0	0.0	0.0	0.0	0.0	0.0	0.0	0.0	0.0	0.0	0.0	0.0	0.0
GCDF221	0.01168951683621273	0.010759906058386934	0.008195202589787884	0.007608169620984249	0.004208293556133389	0.007840207617218643	-0.00028800663415805077	0.0034469211119509	0.0062368035560649545	-0.001008073882283344	0.0021811703814090364	-0.00041996017785978407	0.001961543904576794	-0.002356054587085676	0.0012192517826737702	-0.0015055116603958116	-0.0005112739364324301	-0.0006902477132417525	-0.0006636042143292171	-0.0008912494788940929	-0.0009722240574468925	0.00026763218277597726	-0.0007914832334686583	0.0011386032174065862	0.001128664648221882	-0.000631010693846665	-0.00021890844656774104	-0.0017011337628989893	-0.0015469754875883383	-0.0008634617596164395	0.0007714845253742006	-0.0008449243722806668	-0.0010187017555230442	-0.00018879174202655644	-0.00013902940032114306	-0.0002236265580520982	0.0005104555633035589	0.0	-0.0	-0.0	-0.0	-0.0	-0.0	-0.0	0.0	-0.0	-0.0	0.0	-0.0	0.0	0.0	0.0	0.0	0.0	0.0	0.0	0.0	0.0	0.0	0.0	0.0	0.0	0.0	0.0	0.0	0.0	0.0	0.0
GCDF223	0.08729864446929	-0.006449503220561747	-0.010277260003912271	-0.011571431651113974	-0.006134327444687894	-0.013449652617610145	-0.0035390337593855913	-0.0002597999784865904	-0.02127247716150896	0.004460149382412066	-0.01142910269047875	-0.01240427465820982	-0.0015954806045002461	0.008750299442638566	-0.0018938468089642827	-0.004389777370301159	0.008449470129097896	0.006423819067309404	0.000985635304504377	-0.0018055200980125973	0.0001411530630937279	-0.0035842975310562786	-0.0025895476942256585	-0.0030743137373931404	0.011303461418319364	-0.007063212851580338	0.010460617583740178	0.004585296224799298	-0.010727793158979615	-0.010563283513221895	0.0011665830329711615	-0.0010659532688981764	0.000559579171992188	-0.0024032085963932486	0.000658740878955405	-8.054453778857093e-05	5.045841119749635e-05	0.0	-0.0	0.0	-0.0	-0.0	0.0	-0.0	0.0	0.0	-0.0	-0.0	-0.0	0.0	0.0	0.0	0.0	0.0	0.0	0.0	0.0	0.0	0.0	0.0	0.0	0.0	0.0	0.0	0.0	0.0	0.0	0.0
GCDF287	0.014485412284629991	0.00984161570177058	0.007363722813239715	0.006603549192423595	0.0038409183482340597	0.0068870181502332555	-7.347550545408815e-05	0.002982401581074103	0.006940657710453413	-0.0010897020387903612	0.00180164368911338	-0.0003461858553479668	0.001427751230871829	-0.002012893796609572	0.0014380421277414332	-0.0011644463396454608	0.0009182601120360067	-0.002182305768583898	-0.0011497553984504464	-0.0016079804029395025	-0.0007102514374633525	-0.0012740746797405742	-0.001160794843846795	0.0017211411635137308	0.003017724377610075	-0.002719543508278659	0.001294836713051509	-0.0004967464175321603	-0.0015173801218343092	-0.0015453034072336863	0.003033370231629161	0.001069063698334887	-0.0012087725072637578	-0.0030863585630577844	0.0003120285056881421	-0.001507516806916299	-0.0016681240114685084	0.0	0.0	-0.0	-0.0	0.0	0.0	0.0	0.0	-0.0	0.0	0.0	-0.0	0.0	0.0	0.0	0.0	0.0	0.0	0.0	0.0	0.0	0.0	0.0	0.0	0.0	0.0	0.0	0.0	0.0	0.0	0.0
GCDF288	0.011911734223606148	0.08320259366352849	0.11688304765547244	-0.004789188640368756	0.09442639891875007	0.04012072076119646	0.11325921917909354	-0.020712222497010376	0.014336048887845562	-0.013680966045156158	0.02467470587500394	-0.05405098121117633	0.009367974129489283	0.0158183958084634	0.003571530473303355	-0.0012775437126558542	-0.006974579403531955	-0.0052266358297610995	0.005978005024164084	-0.0032053543341660448	0.0037695840398853714	-0.0016856962503155385	-0.0012109836983757727	-0.0011695994835317898	-0.00012215028063210706	-0.00019571319612816823	-0.001636872192182602	-0.0013909463889773153	-0.0010671411160217692	0.0003976096411069684	-0.0003883783848650663	9.743904720674151e-05	8.971634976071015e-05	5.557934260106349e-06	-3.355932676575967e-05	1.7067395085645133e-05	3.1368570741337656e-05	0.0	-0.0	0.0	-0.0	-0.0	0.0	-0.0	0.0	-0.0	-0.0	-0.0	0.0	0.0	0.0	0.0	0.0	0.0	0.0	0.0	0.0	0.0	0.0	0.0	0.0	0.0	0.0	0.0	0.0	0.0	0.0	0.0

Biplot	0	0

Site constraints	0	0
