Eigvals	68
0.2287945762181859	0.016770050531182468	0.00620788836917691	0.0019981071708729363	0.0007391237378499707	0.00028744347672593723	0.00020893922416037928	0.00016273040963181722	0.00014107908939695025	9.367569864338174e-05	8.008900733896037e-05	5.992120185182421e-05	4.4030148063399456e-05	3.678683290489395e-05	3.077378429252632e-05	2.603509150800841e-05	2.3056593958103652e-05	2.0421219258911008e-05	1.8763393580114012e-05	1.703033104939415e-05	1.5645802842949036e-05	1.4320588252796094e-05	1.3273287077906787e-05	1.3027999752999426e-05	1.0728581582079602e-05	1.0438405918057807e-05	9.339575517909147e-06	8.969929962110276e-06	7.727597249495012e-06	6.703238312847349e-06	5.837388865430772e-06	5.2306523364585214e-06	3.955615553281491e-06	3.169313891619486e-06	2.4782919641808497e-06	2.108570232982719e-06	1.6056781800234651e-06	1.3117879756184763e-06	1.0573666124428591e-06	9.730966212326693e-07	6.954058510689725e-07	2.771260264141945e-07	6.303217890822993e-08	0.0	0.0	0.0	0.0	0.0	0.0	0.0	0.0	0.0	0.0	0.0	0.0	0.0	0.0	0.0	0.0	0.0	0.0	0.0	0.0	0.0	0.0	0.0	0.0	0.0

Proportion explained	68
0.8940799497631563	0.06553374727793666	0.024259091334210572	0.007808172678236236	0.002888336451540109	0.0011232672272169244	0.0008164895083121124	0.000635915408806742	0.0005513067103495048	0.0003660644641210079	0.0003129705993987942	0.00023415915720981386	0.00017206033997522465	0.00014375502365138187	0.00012025732414235942	0.00010173953286970056	9.010020564522566e-05	7.980172865504443e-05	7.332330279322947e-05	6.655086751082674e-05	6.114042933643733e-05	5.596177600568952e-05	5.18691484735623e-05	5.0910618412423204e-05	4.1924987211183766e-05	4.079104318419037e-05	3.64970505327813e-05	3.505255527672392e-05	3.019778648087214e-05	2.619481227686833e-05	2.2811259033410202e-05	2.0440263294308137e-05	1.5457694031119096e-05	1.2384996409620268e-05	9.68463147797786e-06	8.239838544858947e-06	6.274644662739456e-06	5.126185011581824e-06	4.131961095234244e-06	3.8026521109342953e-06	2.7174963614339897e-06	1.0829488525033127e-06	2.4631618582596896e-07	0.0	0.0	0.0	0.0	0.0	0.0	0.0	0.0	0.0	0.0	0.0	0.0	0.0	0.0	0.0	0.0	0.0	0.0	0.0	0.0	0.0	0.0	0.0	0.0	0.0

Species	0	0

Site	68	68
GA17	-0.04890893176605455	-0.0008961418148604372	-0.003912811456852366	0.0018870015593816217	0.0017161368136414598	-0.0003023841080821753	0.0011244829405947204	0.00220469948844431	0.0028570410538537117	-0.00011203761931536719	-0.0011182435127940744	-9.243699774608346e-05	8.437699518139653e-05	0.00046485509954157916	0.0009914263040777139	0.00021621744041283163	-0.00013507856546800457	0.0004132879963150399	-0.00030565793794321033	0.00010698873132491173	0.00045737817483227554	-0.0005848724641121678	0.0003756621777173472	-6.5893763990887e-05	0.0001336588503871535	0.0009369142398088213	0.0005113356568439833	-0.0002353296513506228	-0.0002719834238869771	0.0005301027867852798	-9.748602062240716e-05	9.842359781290015e-05	0.0007026098857146761	-0.00047603987096195597	-9.3540442333657e-06	7.595206967048965e-05	0.00044559424177807266	6.721380371786645e-05	0.0001080790333431491	-6.94977688251104e-05	4.423392598988028e-05	4.3228808081240154e-05	1.3602168437708752e-05	-0.0	0.0	0.0	0.0	0.0	0.0	0.0	0.0	0.0	0.0	0.0	0.0	0.0	0.0	0.0	0.0	0.0	0.0	0.0	0.0	0.0	0.0	0.0	0.0	0.0
GA18	-0.04661484636511173	0.00017162665585144908	-0.0042011317519499	0.002157950713889836	0.0013815060524631113	-0.0009583560037304088	0.001370544874786034	0.0012912838382277165	0.0019031774631838548	-0.00016940456096602808	3.747222334674642e-05	-0.0008780255958120475	0.0016062292949228524	0.0007421667490401588	0.000794997786069726	0.0008044496739655537	-0.0003671861445624191	0.0001971337244973606	-0.00048105808309215753	-0.000124404623121384	0.00014901868477284352	0.000336371767513684	-0.00036743837206627285	7.502987447441636e-05	0.00036159954201679553	-0.0006420417896911769	-0.0006577410368396903	-0.0001380241462444402	0.00041464338449753534	-0.0006636548511120757	0.0004951338780797555	-0.0006017007099694698	9.79165225835119e-05	-0.00026945780686205554	-6.0161909691229174e-05	0.0004410879669246352	-0.0003955608925345881	-0.00018316761644939728	2.6409063596268077e-05	1.4596901069752462e-05	-8.889977989263955e-05	4.9508927623524185e-05	4.9601191505272005e-06	-0.0	0.0	0.0	0.0	0.0	0.0	0.0	0.0	0.0	0.0	0.0	0.0	0.0	0.0	0.0	0.0	0.0	0.0	0.0	0.0	0.0	0.0	0.0	0.0	0.0
GA20	-0.048433641300148274	-0.0025205119169827333	-0.0033113819592036735	0.00036738914500165167	0.00260202735098586	-0.0001613829000991062	0.001906460337338315	0.0010009742265314912	0.0009007494107051758	0.0006031529965083635	-0.0006825422884727115	0.00043229815952803815	0.0003342544208802907	0.0010280914352274182	0.00129158233258111	-8.347759232790454e-06	-6.746550591727952e-05	-0.00026843894517361534	0.0007037683082981732	0.00010236690334944802	-1.490305668482375e-05	0.0003844632070899047	0.00012090963768320021	0.00010433066312787585	-0.00025903022879523796	-0.0004916719379691845	-0.00037053650530282343	-7.311711244717618e-06	-2.127672829793635e-05	-0.00023083164749981115	-0.0002420758856144605	0.0006080019117440398	-0.0005392621903816196	0.0006814340239795662	0.00025817828523997316	-0.00023738015920964385	0.0003131276251421343	-0.0001303939663188726	-8.687762880149347e-05	-3.203256269318713e-05	4.023296994919028e-05	-3.935814184812259e-05	1.3310999197560915e-05	-0.0	0.0	0.0	0.0	0.0	0.0	0.0	0.0	0.0	0.0	0.0	0.0	0.0	0.0	0.0	0.0	0.0	0.0	0.0	0.0	0.0	0.0	0.0	0.0	0.0
GA29	-0.04826630963621493	-0.0014053879683612448	-0.003743304256622815	0.0009508117933133887	0.002114481627771439	0.0003909385573691587	0.0009271086753541312	0.002171677498125104	0.0017329750007104702	0.0006542046231968531	-0.0012926515538828245	0.00033743662958685724	-0.0010291290931759153	-9.782320198383499e-05	-0.00019929901785131938	0.0008746387104791426	-0.00021226422913473892	-0.0005118326186575444	-4.030631791556802e-05	-0.00021760536275617127	-0.0003764175761964961	-0.0005873449478958658	-1.4402543921779743e-05	-5.5825329951327364e-05	-0.00035895724345890475	0.00047206554141601513	0.00014806676757430953	7.669764535886845e-05	-9.193065875562014e-05	-0.00010337041048709143	-0.00040599310703963963	-0.0004329019624176022	-0.0006171571412696713	2.969158526236298e-06	4.5625343732877066e-05	-3.497243591486434e-05	-0.00045925573124353317	0.00018098404221205113	-0.00010241073140355047	-2.0197818780302988e-05	0.00010795863123065672	-9.874865255570055e-05	9.937804164985903e-07	-0.0	0.0	0.0	0.0	0.0	0.0	0.0	0.0	0.0	0.0	0.0	0.0	0.0	0.0	0.0	0.0	0.0	0.0	0.0	0.0	0.0	0.0	0.0	0.0	0.0
GA33	-0.048952595314190585	-0.0037809182047087173	-0.002715785436605469	-0.001590697807943585	0.0023049693326161907	0.0021135678579147694	-0.000663392335419081	0.0004464962698461634	-0.0019837806844162312	0.002205190434294245	-0.0008987186867931773	-0.000264565604520233	0.0011083677154506443	-0.0016352762434430409	0.000979227355781808	0.0008424057601234955	6.806653780772932e-05	0.00018373647074773776	-0.0003594035723742819	3.266777167269317e-05	0.00023097919776647214	-0.00046357752125576995	0.00043807826048426296	0.00024908707746956456	0.0005225221289961889	0.00028203943574691586	0.00026328922768825507	-5.086141398146563e-05	6.680106110292911e-05	0.0002893998208991036	-0.0004234823039572443	0.0003712605650709057	-0.00030751727372772803	-0.00021765822458895152	9.055621312376597e-05	-2.698807345053183e-05	-0.00021217916394242079	-4.285646285868141e-06	0.00016298074355826424	-9.764348607259872e-05	-7.11782842044502e-05	4.96181070342548e-05	6.9594262063107165e-06	-0.0	0.0	0.0	0.0	0.0	0.0	0.0	0.0	0.0	0.0	0.0	0.0	0.0	0.0	0.0	0.0	0.0	0.0	0.0	0.0	0.0	0.0	0.0	0.0	0.0
GA40	-0.048197923063174615	-0.005447118232387695	-0.0020872331212378114	-0.0037831371596698075	0.0017447145585084837	0.0009504213565328075	-0.0008083113411349585	-0.00018405436637795316	-0.0004296451585404278	0.00024110297521984957	-0.0003423111490867033	0.00018934397730068964	-0.0004905093168685147	0.00014267574978187223	2.098905054263926e-05	-0.0005058154074195717	0.0005968812598204897	0.0002512188681878282	-0.000359675587731433	-0.00036469795663443403	8.958426254075613e-06	0.00019406103987013425	-0.00011972970619142977	-0.00018981335925031303	-0.0003148604872571209	3.8010814987574426e-05	0.0003885314168381693	0.00035694826797792864	-0.00023433122764735334	-0.0005001639983725863	-0.0001720306966766485	8.295514056708694e-05	6.21905738505654e-05	0.0001235545367520505	0.00023666141627107923	0.00036460030151035946	1.526093893122752e-05	-0.00023748082316561608	0.0004106244517459077	0.00021448962137689525	7.211984964787001e-05	0.00012753627993033182	-6.673226019157569e-06	-0.0	0.0	0.0	0.0	0.0	0.0	0.0	0.0	0.0	0.0	0.0	0.0	0.0	0.0	0.0	0.0	0.0	0.0	0.0	0.0	0.0	0.0	0.0	0.0	0.0
GA47	-0.0004670715477495307	-0.0043505455914467864	0.0006030587617480785	0.0009782844694677054	-0.0041349318007948875	-0.0015825626153196026	-0.0003829048961198224	-0.0017091419204196374	0.00026421619009523616	-0.0008600059078582453	0.0005416979693859822	0.0003253246017511854	-0.0011641997611592776	-0.0006981483712004143	0.0011214268887096844	0.0010884668305152175	0.0008848123380984929	0.0002415047150101723	-0.00015936688000585723	0.001072318414226944	0.0006871929784208833	-0.0009523802496439181	-0.0008199385519705057	-0.0005568394702023991	0.000581936396252418	-0.00012287353201175395	-9.51093660297882e-05	0.0004278690435943933	0.0005841634802003461	0.0007698764653116919	-4.43908974732197e-05	-0.00023404247160018488	-0.000463837737985432	0.00016803543675679612	-0.00015982640469136685	-5.101182025007321e-06	3.09577155785703e-05	-0.00014330070731915118	6.484613676630456e-05	5.864211756738769e-05	-9.608318047794088e-06	1.3476369000637801e-07	-2.1385322454173046e-05	-0.0	0.0	0.0	0.0	0.0	0.0	0.0	0.0	0.0	0.0	0.0	0.0	0.0	0.0	0.0	0.0	0.0	0.0	0.0	0.0	0.0	0.0	0.0	0.0	0.0
GA64	0.015046423709918136	0.0050946750626157744	0.006587123173038368	0.022147072937232906	-0.007360194751290796	0.00516210344037871	-0.005332755921209422	0.0011731403925275689	-0.0008119168979255855	0.00106384686474789	-0.0006557433905988342	-0.0010278533223729406	0.0006772117289557982	0.0005258800608216104	-0.00020564288414961986	1.4976244504993495e-05	9.760888192621804e-05	0.0001913847521487368	-0.0001898797849824247	-3.700297723841786e-05	5.977818275104689e-05	-8.939779205283071e-05	5.199908896915713e-05	1.794396491652309e-05	3.439683276584121e-05	9.062607306538684e-05	5.115369901678885e-05	3.796546366998425e-06	-3.0363051114181474e-05	5.8415609017258975e-05	4.850038709928749e-06	-2.771246405826541e-05	4.953501107812155e-06	1.9233341299596166e-05	-4.378083190724452e-05	2.519261602808202e-06	-3.717807371073749e-07	-1.8950119437737762e-05	-1.712745181874299e-05	-7.844931361385741e-06	1.3518180462567338e-05	-7.315166769922913e-06	-1.1644149438183843e-06	-0.0	0.0	0.0	0.0	0.0	0.0	0.0	0.0	0.0	0.0	0.0	0.0	0.0	0.0	0.0	0.0	0.0	0.0	0.0	0.0	0.0	0.0	0.0	0.0	0.0
GA65	-0.04797611535256475	-0.006007218967752314	-0.0018580437962513374	-0.004737621890450484	0.0013887327629373274	0.0005245943267198395	-0.0012720483782282833	-0.0002938712687029162	0.00019006411993004781	-0.00030769295894059434	-0.0003335467081116139	-5.9268562096598815e-05	3.74555199241754e-06	0.000186382440079656	-0.00014555615592944172	-0.0008608406597779573	-0.000849506031545688	0.00028522947069744095	-0.00016808450688508174	-0.00033304624240866495	-4.868653998659569e-05	-0.00024335974337582057	-0.00014016916410146844	0.0002657988514503838	-0.00012546595014506902	0.00012346611507269085	0.00014274669456790343	-8.307842381755435e-05	2.7490196068275168e-05	0.0005073707626743896	0.00031222038000557387	-5.390603390587932e-05	-0.0005667352882155065	-8.288603057339687e-05	-0.00026560029923323965	-0.0004031515678393495	-9.662683355627463e-05	-0.00016565995345351766	2.6059241088926437e-05	2.5105049059121065e-05	0.0001569204450836992	6.015998387917962e-05	9.196226909667688e-05	-0.0	0.0	0.0	0.0	0.0	0.0	0.0	0.0	0.0	0.0	0.0	0.0	0.0	0.0	0.0	0.0	0.0	0.0	0.0	0.0	0.0	0.0	0.0	0.0	0.0
GA67	-0.048220824380491016	-0.006666145494658671	-0.001461473586089048	-0.006146824940164588	-0.0011764638588853155	0.00012109540521870647	-0.000632136371099255	-0.00028184337355946157	0.0005320005753588836	-0.00026180540239735637	-0.00010494253404926213	-0.00093736962413254	0.0002617051441527336	0.0001153287120705346	0.0005948172078414334	0.00016306719178833267	0.00035709693923946317	-0.00011839534550180264	0.00043525253449249677	0.0001237205775891829	-7.05138025428758e-05	-0.00011780414698732075	-3.666993991395896e-05	0.00010499152275080465	3.829854075610162e-05	-0.00030077172285632235	0.00026418547547796224	0.00010073633283457268	-0.0005619842816450114	4.691115677028883e-05	-1.8686567799515478e-05	0.0001293114305367131	0.00040884275630593647	4.7937872645683604e-05	0.00019948338069558554	-9.260442064908949e-05	-0.0002983919297539163	-0.00012657810017356488	0.00013628654468111025	7.313588790708887e-05	-1.0139432890036785e-05	-0.000289092493149766	3.347959407442395e-07	-0.0	0.0	0.0	0.0	0.0	0.0	0.0	0.0	0.0	0.0	0.0	0.0	0.0	0.0	0.0	0.0	0.0	0.0	0.0	0.0	0.0	0.0	0.0	0.0	0.0
GA77	-0.04744395182987062	-0.0034260349939984006	-0.0029145025411564354	-0.00159837277116083	0.0024837871739913702	0.0010471344421770492	-0.0001730900161780148	0.0003603551108091373	-0.000676040970729276	0.0004697193252281124	-0.0005815343996188064	0.0007149338850729116	-0.00018104186524775246	0.0006721940628130668	-0.00013822583910174968	0.00010510327726932829	0.0002957631452243913	-5.920001961694038e-05	-0.000130454306337799	6.908385866460813e-06	3.582138042394403e-05	-0.00013935407636649462	-0.00017123585437219132	-0.00013852844106936843	0.0006066509019975147	-0.00015599511477016424	-3.7808548482829834e-05	4.581275292736058e-05	0.00042326618877015835	-0.00011133151089313232	0.0006734374936322964	-8.206704650419844e-06	-0.00018791382702446107	-0.0004997668983130124	0.0007946472963088253	-0.0002327525797789488	0.0003172166436729113	0.00027613708067294465	-0.00014043826544741833	0.00031158770587438726	-9.550521314808485e-05	-5.769920667152733e-05	-6.940249254158124e-06	-0.0	0.0	0.0	0.0	0.0	0.0	0.0	0.0	0.0	0.0	0.0	0.0	0.0	0.0	0.0	0.0	0.0	0.0	0.0	0.0	0.0	0.0	0.0	0.0	0.0
GA79	-0.04780784635064983	-0.007095502526368086	-0.0010480356981689655	-0.00819197136728832	-0.0056763930402103	-0.00021446728350933664	0.0014753802269121012	0.0010963219318218759	-2.569442731818996e-05	0.00028676396220132897	0.00010470843506746783	0.0005016646772085428	0.00010730240144898308	-7.721876612373035e-05	-0.0003373767164367035	0.0003363916135575445	0.00042271942176900053	9.478571247730298e-05	4.5399092526445256e-05	9.958129258649343e-05	-9.638525264095754e-05	0.00019451366321506978	-0.00018022983062229657	0.00011483925201766435	0.00023527758911374378	-0.00013452851330017705	-0.00010518061384206921	-2.4343625749926143e-05	4.8705387204776965e-05	-5.14776809684593e-05	6.694742189076635e-05	8.970703477710546e-05	-0.0001793110839071424	6.5169290368698e-06	-0.0001369211254203314	0.00020774637813089403	0.00012875055123982542	-0.00015707218091884153	-6.751286701198574e-05	0.0002368212431887419	-6.686558694541487e-05	-4.532395031336948e-05	9.343064841897494e-05	-0.0	0.0	0.0	0.0	0.0	0.0	0.0	0.0	0.0	0.0	0.0	0.0	0.0	0.0	0.0	0.0	0.0	0.0	0.0	0.0	0.0	0.0	0.0	0.0	0.0
GA83	-0.04811610224308242	-0.005026170749033812	-0.002285771017278172	-0.0029946690231050705	0.002243802534702383	0.0010766433824965361	-0.0009571521645849213	0.00019531929852892942	-0.0003240871333128841	0.00043915863738471194	-0.00032640745300614434	0.00043674855449625033	-9.354621373454356e-05	-0.00046597892609993017	-0.0002159926452513258	-0.0001298964708913576	-0.0003882561290848111	-0.00019257815649563256	0.00031372282369528505	-9.009445472459104e-05	8.795149839785521e-05	0.00011790894286984455	-0.00020244165022757288	-8.405093938742506e-05	7.8797269009795e-05	0.0005138423736837462	0.00034713658183365217	-3.143127734046672e-05	-4.377953803821135e-05	4.343946971637353e-05	6.223838928734079e-05	8.324830345410375e-05	0.0003875093018620586	0.00025979802803467603	9.717490939211203e-05	0.00036873481783087915	-5.389838677825309e-05	-0.00039390897158455543	-0.000535786293046013	9.846493291640363e-05	0.0002990282876914236	-9.458539674060257e-06	4.829275982078318e-06	-0.0	0.0	0.0	0.0	0.0	0.0	0.0	0.0	0.0	0.0	0.0	0.0	0.0	0.0	0.0	0.0	0.0	0.0	0.0	0.0	0.0	0.0	0.0	0.0	0.0
GA86	-0.04892670901991746	-0.004148265634078042	-0.002626325108657496	-0.0015238413093636432	0.0029791949562889943	0.001166620536685553	0.0013650754042371317	-0.00010508206198875455	-0.0012772176401370967	0.0008314428274000365	-0.001172191673469711	0.001314827506103541	-0.0013232713595425043	-0.0005053769059509958	0.0008771610584121649	-0.0003419763683234159	0.0005341549585946021	0.00024081302138898286	2.561224658483387e-05	0.00046793159676918614	0.0005430600103889154	0.00019950831768716015	-0.0003634297117847557	-0.00013013242502370442	-0.00017066828872001582	-0.00043956490992893324	-0.0005297856359924776	0.00011201551913164081	0.0001784706462766332	2.230036260436303e-05	0.00020525408254676682	-0.00033721071337067216	0.0008947231921688071	-6.976060861028044e-05	-0.00033131250169043285	-0.00038559571182977473	-0.00012595339701363227	2.6708875494119657e-05	-0.00010794223814770772	-0.00013584955415413513	8.388638361627185e-05	-3.686773417157741e-05	-7.3787726567891945e-06	-0.0	0.0	0.0	0.0	0.0	0.0	0.0	0.0	0.0	0.0	0.0	0.0	0.0	0.0	0.0	0.0	0.0	0.0	0.0	0.0	0.0	0.0	0.0	0.0	0.0
GA87	-0.04808057486345724	-0.006480248417659336	-0.0016684590454577638	-0.0056468415775184164	-3.5094623356683356e-05	0.0003011910692448689	-0.0013026952385488825	-0.00048663065195509787	0.0006675968327612363	-0.0004581240663349684	0.00015333907290573104	-0.0008973140245704118	-0.0005323829722789112	-0.00027804116146819155	1.273681892618777e-05	0.00027299104895958984	0.00017626199540600286	0.00011617023444708532	0.0005484894251788911	0.0005210003322341784	-0.0003773831362506878	-0.00022354222433895304	0.00032310706906747726	-0.00023654556799011727	-2.808693399101333e-07	-0.00019027357918542168	8.115794495529058e-05	0.0002929588968722733	-0.00021254572443245393	-0.0002907397613420906	-0.00014055403652199112	0.0002349142484178909	0.000259589366471105	-7.773561472967592e-05	0.0001041180322383995	-0.0002308460411148373	-4.6179227427250805e-05	-0.00013372849871783868	-0.00016876121850537286	-8.03564149269622e-05	-0.00033994254585345063	0.00017276027839308673	5.619968446692259e-05	-0.0	0.0	0.0	0.0	0.0	0.0	0.0	0.0	0.0	0.0	0.0	0.0	0.0	0.0	0.0	0.0	0.0	0.0	0.0	0.0	0.0	0.0	0.0	0.0	0.0
GA90	0.025363283008175756	-0.001104836582036247	0.000792676916665805	0.006626080207672351	0.004233878158178516	0.0011402607033873143	0.0010814656908304742	0.0026248839557922268	-0.0017931875793443799	0.003282233925388249	0.0014979368401401563	-0.00021603504259378045	0.00032733793845565767	-0.0030446267120654287	-0.00020516361516860991	0.0009918207133070521	-0.0004262676245540184	-0.0005187824533368623	0.0003485677694776472	-0.00010730713955682227	-0.0004813414718221191	-5.9030426795224205e-05	-0.0002561336958712158	-9.492182768318178e-07	-0.0001358857001395533	2.2131173203726466e-05	-0.00012493746841937364	-9.502215500703394e-05	-3.581802994619562e-05	-5.836765333638356e-06	0.00018579169452544715	0.00013210284055058068	0.00012167288390545791	1.7003188265343195e-05	-2.583627328981424e-06	-6.284285187621463e-06	8.296342300421369e-05	1.7526886819394128e-05	1.8931363055137842e-06	3.388252196208763e-05	2.5704564123554798e-05	1.8255596560147368e-05	-6.590179096597021e-06	-0.0	0.0	0.0	0.0	0.0	0.0	0.0	0.0	0.0	0.0	0.0	0.0	0.0	0.0	0.0	0.0	0.0	0.0	0.0	0.0	0.0	0.0	0.0	0.0	0.0
GA92	-0.040275512298464204	0.0051222193749649965	-0.005436850422575752	0.003652900206772368	0.0001426338176768765	-0.001927136463201324	0.002207643542228847	-0.002012809059625679	-0.0020284670748975503	-0.0007104662271619467	0.0004796147077529867	-0.00021548355883866654	-0.002845989419586268	0.0006827803165860359	0.00017114360063974352	0.0020935167358927345	-0.0013287780160136926	-0.00011985519686489155	-0.0003965300919108416	-0.0004587593143749457	-4.767696146397094e-05	0.0004674577820505478	0.00031404606224708857	0.0005775380320056322	-9.77879604798846e-05	0.0001739419377268168	0.00027233522124840156	-0.0003456738508761215	-0.00033752384360888815	-4.842675757393759e-05	1.0769151900290524e-05	0.00031057132589333	-9.714746999519578e-05	5.565519979896407e-05	-0.00010368511469939173	0.0001394687468936648	1.0755580741183954e-05	7.565224549416914e-05	-2.0503837489141178e-05	-3.458481129127719e-05	-1.0977120555032403e-05	5.4011789659228606e-05	2.0392109169245963e-06	-0.0	0.0	0.0	0.0	0.0	0.0	0.0	0.0	0.0	0.0	0.0	0.0	0.0	0.0	0.0	0.0	0.0	0.0	0.0	0.0	0.0	0.0	0.0	0.0	0.0
GA96	-0.047640135598882236	-0.006461533694944882	-0.0014479382371986537	-0.006830315095757022	-0.0026580365967610203	-0.0003061317230012407	-0.0004910439239078762	-0.00017870354692236596	0.00014978373690043573	-1.8615326986330672e-05	0.00014821747808416717	-0.0010432104141340588	0.0005176782019425257	-5.7289231068770786e-05	4.3963357108109386e-05	0.00015321532807828308	0.0006491811105789994	-0.0007317807417680478	-3.341133661948358e-05	4.555851295537249e-05	0.00037248213543542415	-8.389936712382291e-05	-0.00018201912308311884	0.00013138580001018896	-0.0002622454577749509	-5.1973713071567795e-05	-0.00034955534638703243	-6.394209485420696e-05	0.00020591694682289138	-0.00029363953127168116	5.8273187586355374e-05	-0.000498116046129587	-0.00020889495026880562	-6.937129937407257e-05	0.000124772732917811	-4.94768435518393e-05	0.00022634233862591025	0.00018698112275946215	-0.0002561763939536384	-0.00024988136133780216	0.00022921356572593943	0.00019660092526553477	-1.6555644011010827e-05	-0.0	0.0	0.0	0.0	0.0	0.0	0.0	0.0	0.0	0.0	0.0	0.0	0.0	0.0	0.0	0.0	0.0	0.0	0.0	0.0	0.0	0.0	0.0	0.0	0.0
GB101	-0.04910798718189128	0.0016154608826801462	-0.0048756264227710205	0.0033203224077219184	0.0006804848369685774	-0.0004484476724900379	0.0005727418141928864	0.0021468863991048956	0.0022561573072426996	0.0010122878845818253	-0.001712031146217223	-0.0006506490762102925	-0.0010201796115919936	-0.0015843786116604833	-0.0004031584561024476	-0.0011333144499912856	8.353716618507973e-05	-0.0005553082865789364	3.427947983763544e-05	0.00012871774538918804	-0.0005875811450543212	0.000696542209276571	-0.00018387413795242728	-0.00036300547922718675	0.00014970204200345232	-0.0005255809363918451	3.6912859805015395e-05	0.0003061168913659131	-8.164668543689765e-05	4.7580504942897575e-05	0.00016787863805586836	0.00021224339149861953	4.254737809760056e-05	0.00013704399917160905	-7.08380833178548e-05	-0.000119797060235356	1.5801573738484483e-05	-7.188362293020299e-05	8.543313277278399e-05	9.966970585021507e-05	-6.624830161513767e-05	3.7080525396952314e-05	-1.6067680860783023e-05	-0.0	0.0	0.0	0.0	0.0	0.0	0.0	0.0	0.0	0.0	0.0	0.0	0.0	0.0	0.0	0.0	0.0	0.0	0.0	0.0	0.0	0.0	0.0	0.0	0.0
GB102	-0.047586495472015426	-0.00478155941833588	-0.002403596273441699	-0.0028819144101293226	0.0026769447440197934	0.0007305655352609396	-0.0003815910698486994	-6.495289983839594e-06	-0.00029048757689893533	-7.377439021860843e-05	6.051739300581455e-05	0.0008003519575257866	-0.00019040332862206092	0.00020950923358409415	-0.0005100935421353463	-0.00020268094562377016	-0.00031284549667580407	-6.726113413484833e-05	0.000472787235332954	-4.3442734575362596e-05	9.445210564286907e-05	0.0002585631280981712	0.0003629803995719433	1.3737786399367685e-05	0.0002379485868231113	-0.000644328708522542	0.0001520761596471788	0.00019753142798382864	0.00017360351721070727	0.0001968704521359354	-7.084944885005285e-05	-0.00038589862956194394	-0.00027505942296170285	-0.00012619984523668375	9.352559161388085e-05	0.00034985578338779836	0.0003035357323436442	-0.0003152447554340663	0.0002252080423763581	-0.0004476062847369294	-5.1330081816288714e-05	-5.056837912682652e-05	-1.0236272222024297e-05	-0.0	0.0	0.0	0.0	0.0	0.0	0.0	0.0	0.0	0.0	0.0	0.0	0.0	0.0	0.0	0.0	0.0	0.0	0.0	0.0	0.0	0.0	0.0	0.0	0.0
GB105	0.05344690470881665	0.003556798071945074	0.02261056272903475	-0.0011611240302001932	-0.0023724009585937554	-0.00017713613004891868	0.0008044954235863158	-0.004057000941949134	0.003340222970962752	0.002384310748790232	-0.000760587129460183	0.0019708763516088582	0.0011385529519035585	-2.270438754252162e-05	-0.0010592972779328684	0.0010833129423626084	5.989072310703439e-05	0.0006192550740663457	-0.00024084601707910166	0.00033052717909887847	-0.00015990769200552958	-2.336911060270686e-05	0.0003426960530685421	-3.895380687030121e-05	-0.00026640956700759463	0.00017061381991828354	-0.0002395724136252152	7.937052322320694e-05	-0.00022417584484226024	-3.7196898965995605e-05	4.8695860711503915e-05	5.8761577251588654e-05	-6.0797124045800284e-05	-8.587119181810454e-05	-8.06224217623944e-05	-9.306662611180592e-05	5.085256055429521e-05	-8.25264946697631e-05	-3.2676739169550434e-05	1.5595108470270328e-07	1.0451413769849559e-05	-1.6632593494057318e-05	-9.728432373320294e-06	-0.0	0.0	0.0	0.0	0.0	0.0	0.0	0.0	0.0	0.0	0.0	0.0	0.0	0.0	0.0	0.0	0.0	0.0	0.0	0.0	0.0	0.0	0.0	0.0	0.0
GB108	0.08130672917551168	0.01242016916995801	0.016582913463157174	-0.007003013885419281	-0.0020803603165723762	0.0011824857459091574	0.001140212679011407	0.0004730331114587175	-0.00021565355970719702	9.507142575678467e-05	-0.00023359977594919885	-4.8850053660109466e-05	0.0001373663744130234	0.00017634585750409047	-1.9087439977926053e-05	0.0001477098987167239	0.0002349250349721215	0.00033768429828921564	-0.00016234147087815508	0.000651670522763818	-0.0002263224848722102	0.00018576766732447995	4.698905047166368e-05	-0.000838597311278679	-0.0009621801293927179	-0.0005435208710607815	0.0009513390201503197	-0.0012171162924538399	0.0004035133230650039	0.00029311597791704854	0.00020027757122871432	-0.00023575436490778348	7.746936179281081e-05	0.00032808572566561206	0.00022666875073489763	4.2743906567738184e-05	-0.00010607409977174606	5.291834362556186e-05	3.060754746367331e-05	1.0105871450347926e-05	-2.2896404610685707e-05	4.297120637918225e-05	1.6380470897041035e-05	-0.0	0.0	0.0	0.0	0.0	0.0	0.0	0.0	0.0	0.0	0.0	0.0	0.0	0.0	0.0	0.0	0.0	0.0	0.0	0.0	0.0	0.0	0.0	0.0	0.0
GB110	0.17245632797743293	-0.010959006961959828	-0.023897657623341076	-0.005591006790199081	-0.00688044127535611	-0.0032997516525790607	0.0004103568904851318	0.001884863546664297	-0.0018897105290797544	0.0011323836600225414	-0.002335431923176751	0.0007399060249694049	0.000747857255376326	0.00017931570426706772	-8.14756927900411e-05	-0.0002879013251296254	-0.00026188297264238185	1.8003344742868845e-05	-0.0001763103381967879	-0.00023496221868054448	-1.0227415335857622e-05	2.2547113127581622e-05	7.973350356330164e-05	4.920379275224099e-05	0.0001908443016598668	1.21771798153676e-05	3.6137110056737544e-05	-2.8856034367501124e-05	0.00016919347805661975	0.000145702195456832	7.23870346146986e-05	-0.00010074511996331093	-3.8765160945504346e-05	-5.182909552107329e-05	-6.514770299424287e-05	-2.706687121876053e-05	1.0422859025581304e-05	-1.0764387341851758e-05	5.569899294249919e-06	-1.6031037496875677e-05	4.045397618698938e-06	-1.5867023534747084e-05	-3.2748196908479435e-06	-0.0	0.0	0.0	0.0	0.0	0.0	0.0	0.0	0.0	0.0	0.0	0.0	0.0	0.0	0.0	0.0	0.0	0.0	0.0	0.0	0.0	0.0	0.0	0.0	0.0
GB111	0.027044636954875103	-0.0037878293488562247	0.0005238269461508427	0.0008868880978759631	-7.761007715546048e-05	0.0003995512620377555	-0.0019692296965893143	0.0009073467005786103	-0.0005807025225643796	-1.5930362442354268e-05	-0.00016264827884602355	-0.002366958307181655	-0.0006160296096050559	0.00035972508028637236	0.0003199766087342023	-9.394647160695132e-05	0.0005934835836621893	2.4180904058454223e-05	9.922442633860716e-05	7.220132185056616e-05	0.00018636452915538545	0.001061995217872925	0.0010215599635716602	-0.0016712979012150227	-0.0005380120767246059	0.0003401433886415067	-0.0006316453385387846	0.00014153663168061536	-0.0002575913571704208	1.4861230519427615e-05	4.3732070415333585e-05	-5.7574545346709524e-05	-0.00026897113058226664	-0.0002907529075004672	-6.901290451038591e-05	2.257563213089634e-05	-2.4175841990203378e-05	-5.962365010040308e-06	-1.7058485405257444e-05	-7.88079884637747e-05	8.571092259892248e-05	-4.39855272528845e-05	1.4719053984576504e-05	-0.0	0.0	0.0	0.0	0.0	0.0	0.0	0.0	0.0	0.0	0.0	0.0	0.0	0.0	0.0	0.0	0.0	0.0	0.0	0.0	0.0	0.0	0.0	0.0	0.0
GB118	-0.04821901168536813	-0.005480981218948637	-0.002057289562208911	-0.0036437784779826577	0.0021594280018404906	0.0005941466786267782	-0.0004974357857048644	-2.0202342254962223e-05	-8.50414054650278e-05	-3.125006947167869e-05	-0.0002003093013737323	0.00010170678598950054	0.00018622087493451673	0.00029700907571847754	0.0003481331971762358	-0.00043280622674454425	-0.00013794227233303593	0.00016087057427720944	0.00016149211593124887	-0.0002458707354092253	8.929078200155466e-05	0.00018873219715071247	0.0007747286430279007	-0.00019250648692339223	-9.247272560466346e-05	-0.00013469501227818804	0.00026147305026581627	0.0001690221382986789	2.9824676026303335e-05	0.00018546292088715907	-0.0003957790503347928	-0.00038465197649626987	-0.00017327830339965798	-9.797387526880079e-06	-0.0006838863625960678	0.00017154157672832419	6.645996571701771e-05	0.0001974234346209111	-0.00021336255506592043	0.00045968175742363025	-0.0002282439204258516	3.687295678640412e-05	-4.957084190692384e-05	-0.0	0.0	0.0	0.0	0.0	0.0	0.0	0.0	0.0	0.0	0.0	0.0	0.0	0.0	0.0	0.0	0.0	0.0	0.0	0.0	0.0	0.0	0.0	0.0	0.0
GB119	-0.04573115660876898	-0.0032503200074658297	-0.0029382327223705564	-0.00472815953944118	-0.00022879661354703273	0.0002544980377237609	-0.0010858094794619832	-0.0011659098151514408	-0.0011830394169409708	-0.0008551071782135927	0.00037312368490456226	-0.0019374489801232758	4.75264652790242e-05	0.00022639038774202968	-0.0006962160679288607	0.001542518264845403	-0.0008738039687578483	0.00019940901382972944	-0.0016044597238520006	-0.0002310072902135784	0.00037449377416997324	0.00017067394172629925	3.284652379923172e-05	-2.1316265614958634e-05	0.00016570212733968135	-8.858289173246521e-05	-0.00023798919140585967	-0.00015596683144867193	-0.00012859023489830785	-0.00015424396225161252	0.00014218604139165512	-0.00010794249660411515	0.00023458862521615425	0.00011326585125501759	-6.018810633178259e-05	-0.00033111875545400993	0.00023631499832930977	-0.00019222251699145597	3.844430909342842e-05	0.00010878103044838629	5.711833194081189e-05	-7.923861229757855e-05	-2.4183106852155605e-05	-0.0	0.0	0.0	0.0	0.0	0.0	0.0	0.0	0.0	0.0	0.0	0.0	0.0	0.0	0.0	0.0	0.0	0.0	0.0	0.0	0.0	0.0	0.0	0.0	0.0
GB120	0.005109834575457367	-0.0046688887532067265	0.0008863384024962832	0.0016589965642508408	-0.0030932155044933038	-0.001033754539021044	0.00014947559756519837	-0.001276520284832889	0.00010442527920392049	0.0002616199447160684	-0.00028291733062370755	-0.0011729300228604616	0.002373013381799448	0.0005102015277067702	0.0027823912441676947	4.095305475703838e-06	-0.0005851956445292576	0.000122262531958262	0.0005210452839131763	-4.194369807393414e-05	0.00021942606965483775	0.00035033974518844195	0.00035932718392567677	0.00045285124300623654	-0.00022964372285603945	-0.00015165623093789596	7.998734107969233e-05	-9.324197385995241e-05	-0.00023835519602185537	-6.698337962365054e-07	-0.00012588207111972658	0.00010085478002168756	9.02143451321982e-05	0.00017414643373122172	-3.8650997776981295e-05	-0.00013742465022459672	1.0312042765819299e-06	6.60719110147995e-05	-8.60734754368631e-06	2.405352569102286e-05	2.3321377930959374e-05	2.3418728177998915e-05	-4.513099805944406e-06	-0.0	0.0	0.0	0.0	0.0	0.0	0.0	0.0	0.0	0.0	0.0	0.0	0.0	0.0	0.0	0.0	0.0	0.0	0.0	0.0	0.0	0.0	0.0	0.0	0.0
GB123	0.08304532082920696	0.012629759688058023	0.016017205069473083	-0.007354864110629299	-0.002174684072147156	0.0011778055194356168	0.0012227898649940692	0.0005101384755174392	-0.0001393738458203107	-0.00011278885254560205	0.0002317057869458356	-7.996835120303625e-06	-0.00015687899240562282	0.0001150563389666216	0.00015219617102546617	-0.00041683126997814525	-0.00024265356367824932	1.7280096555918284e-05	-9.343237337108933e-05	-0.00012356562217585493	-0.00010309794222570812	-7.006368713882087e-05	0.0003266309154209279	0.0005084362854189171	0.000780757417191391	0.0005003304800637017	-0.001085906270361436	0.0014034982118987496	-0.0005898650230370245	0.00017229854887331866	7.613242312509389e-05	-0.00015087248446093212	9.138719440156761e-05	0.00033468672977358146	0.00013439605280840926	0.00017515819754576096	-2.314570233252259e-05	0.0001548799033606923	3.775885874448035e-05	1.4561552926990926e-05	5.9166662885920026e-05	3.190320005195178e-05	1.536877009493476e-05	-0.0	0.0	0.0	0.0	0.0	0.0	0.0	0.0	0.0	0.0	0.0	0.0	0.0	0.0	0.0	0.0	0.0	0.0	0.0	0.0	0.0	0.0	0.0	0.0	0.0
GB124	0.07403698201912806	0.010791470410020399	0.006471887152915231	-0.0027436230847025537	0.006219900771825294	0.00752126207826588	0.0031142769401522404	0.0003957572187788499	-5.1910062084166004e-05	-0.0037127262611045355	-0.0007569616030306228	0.0007703996860985484	0.0004664377383502593	-0.0005615394147144129	0.00024325826975965024	2.2615818879590773e-05	6.265247628611678e-05	0.00031106186093356013	-0.0003008802396754849	1.5934403529715112e-05	-5.084424890217537e-05	1.7639668124952446e-05	-4.494429558630717e-06	-0.00018919971815081386	-3.242555548295517e-05	-2.3244250065016155e-05	2.392645494701841e-05	3.7404701576637825e-05	4.4856519999400505e-05	9.261466828750738e-05	7.740879831430908e-05	-8.15791204050084e-05	-8.031545838083726e-06	5.585429665043738e-05	4.2580337914854324e-05	3.852122243468124e-05	9.779007946834548e-06	5.5296157564646125e-05	5.707321681798722e-07	-6.519289004453164e-06	1.755920649939271e-06	-1.5477948836191699e-06	5.4382179668133575e-06	-0.0	0.0	0.0	0.0	0.0	0.0	0.0	0.0	0.0	0.0	0.0	0.0	0.0	0.0	0.0	0.0	0.0	0.0	0.0	0.0	0.0	0.0	0.0	0.0	0.0
GB128	-0.04806582360474341	-0.00646050684877796	-0.001646190826404358	-0.0057367726554176015	-0.00037692691464239245	0.0004936013703148053	-0.0008908268758654638	-0.00035210640566025916	0.0006949396828242714	-0.0003035842044375062	6.139837728790538e-06	-0.0005889886184561792	-0.00039505438973425294	-0.0001955303964630675	-0.00023763634186306487	8.475972001989719e-05	-6.186127877980654e-05	2.003876937935023e-05	0.0004258827572232555	-0.0001325169813700794	0.00036876371749982375	5.942904849165947e-05	4.863214133286333e-05	-0.0005035421917241356	-0.000187731128342511	-0.00022915424108676415	-6.135725804764803e-05	0.00016039603161533488	-0.0001499213029762545	8.40287940164968e-05	-8.697177504766257e-05	0.0005995016585496633	6.800832414444107e-05	-0.0001814089956303925	0.00013919359791706346	0.00016427451783493051	-0.00016466579802399024	0.0003835506841348725	0.00011026577760058443	2.7453722630654493e-05	0.0001018472330419235	3.091951619765534e-05	1.507589746625193e-05	-0.0	0.0	0.0	0.0	0.0	0.0	0.0	0.0	0.0	0.0	0.0	0.0	0.0	0.0	0.0	0.0	0.0	0.0	0.0	0.0	0.0	0.0	0.0	0.0	0.0
GB130	-0.01682178028278885	0.00016278792816300515	-0.002713306076836703	0.0018458590836626758	0.001183565996765937	-0.001343441518001561	-0.0010158349896969101	-0.001561365206164358	-0.0010643842339096194	-0.0005839770878694656	0.0012444451270016688	0.0016687255293705411	0.00016537991457384664	-0.00027233123897008033	0.0007006641727189785	-0.00012207296904073265	1.5677621820455025e-06	-0.00015587065732867208	0.0004529330074884168	0.0003230146637682119	-6.676579629199175e-05	-0.0004466317555853696	0.0008347913086575399	-0.0007972080959385721	0.000558264792644323	0.0010228367335763967	0.0005194045057118695	0.00015737808049538053	0.0007257568882341501	-0.001118953720973266	-0.00011393278636364944	-0.00022737226105850735	0.00014861663810497152	0.0003602416611950412	-4.077310624106416e-05	-0.00010515228392930929	3.689363217271506e-05	-7.268737780301425e-06	8.654768701117256e-05	9.028500701750485e-06	3.474022934622838e-05	-3.079124060506935e-05	-3.8064007895016416e-06	-0.0	0.0	0.0	0.0	0.0	0.0	0.0	0.0	0.0	0.0	0.0	0.0	0.0	0.0	0.0	0.0	0.0	0.0	0.0	0.0	0.0	0.0	0.0	0.0	0.0
GB132	0.007898524000651365	-0.003985924109173809	0.00016577444621208826	0.0023875033404766213	0.0005177390464042969	-0.00040783776244087447	-0.0018246749107811255	-0.0014586757142195815	0.000465179545632392	2.0046414065432848e-05	-0.0008764215017848366	-0.0005763359305893724	-0.0005978134707888513	0.0003877205870612448	-0.00048822045146535234	0.0001877814123532209	-9.357730580446185e-05	-9.724538430592132e-05	-9.905423360396192e-05	-0.00142349841834798	-0.00018219275904408393	-0.0016925399262906183	0.000557493319685744	-0.0005666509242254019	-0.0001546259384723358	-0.0011926864267786297	0.0002812241581030665	0.0005874793358632487	4.865981248234219e-05	-4.92660103700639e-05	0.000396215965845657	2.161712970151278e-05	0.0001283806198595047	4.168643112822844e-05	-2.372124024039069e-05	1.1366306715323137e-05	-5.540496443617995e-06	-7.355489565589718e-06	7.928426046268917e-06	-1.451934024978612e-05	7.646847069923195e-05	9.245649566465426e-06	-3.911762250769986e-06	-0.0	0.0	0.0	0.0	0.0	0.0	0.0	0.0	0.0	0.0	0.0	0.0	0.0	0.0	0.0	0.0	0.0	0.0	0.0	0.0	0.0	0.0	0.0	0.0	0.0
GB136	-0.020864367399142193	0.0012023663176700572	-0.0034238433230176953	0.0014127834728024458	0.001413234179211551	-0.0010338663612330851	-0.0007864014029633715	-0.0013840755032502791	-0.0017276669943627645	-0.00029653902536753095	0.0013451524008878128	0.0016368661802072786	0.00012083023831433153	0.00025213840746859256	0.00042998484795703007	5.794451995735704e-05	0.00018533443642714564	-0.00026688427002433736	0.0008925023721671599	-0.00024817076580636865	-0.00025026748130361863	-0.00021696054020968185	-0.0005867654935474471	0.0002837748288725275	-0.0011123675160052608	-0.00028195138689789524	-0.0003318440604539249	0.0001213309698891553	-0.0006811438762404131	0.0007302799607318667	-0.00045236173419051717	-0.0005008820323869758	0.00010858846818341636	-0.0003634395981564544	0.00012784342745520875	0.00010602202084494527	9.431197337371758e-05	-6.863955147947403e-05	-1.6801854980962033e-05	7.287229621332682e-05	-3.9993597309049025e-05	-9.194048518690076e-06	8.787834160398777e-06	-0.0	0.0	0.0	0.0	0.0	0.0	0.0	0.0	0.0	0.0	0.0	0.0	0.0	0.0	0.0	0.0	0.0	0.0	0.0	0.0	0.0	0.0	0.0	0.0	0.0
GB141	0.0038626813072511032	0.0024044082405789958	-8.040785399322099e-05	0.013618051299751063	0.0002870281900835647	-0.00453601439085758	0.0033972716439532903	0.0021035039188470896	0.005718239406460595	-0.0015344349821025556	-0.0002431738081103422	0.0002351008164535373	-0.00019530405658852324	-0.0006526056772254638	0.000259066589595239	9.650930318965122e-05	-0.000273751578883888	-8.48598717954902e-05	-0.00020046881571057892	-2.3718770297795614e-05	-3.274879298357048e-05	2.2916358391924233e-05	-6.395059659414442e-05	-4.955653022172902e-05	-1.2819398884244423e-05	-3.8203375588081625e-05	-2.0161006666747665e-05	-1.1860365987028586e-05	-7.4397369770112e-08	-2.2407604864826826e-05	2.7646846845174608e-05	-1.5139462987909911e-05	-5.160439584890766e-05	-3.769090086374126e-05	4.808507392312694e-05	7.395766235225753e-06	1.0597465342111342e-06	2.543782908559213e-05	-8.002542827048087e-06	-1.0365328415999058e-05	-3.417094422986079e-06	1.8080198418940811e-06	2.997210306993208e-06	-0.0	0.0	0.0	0.0	0.0	0.0	0.0	0.0	0.0	0.0	0.0	0.0	0.0	0.0	0.0	0.0	0.0	0.0	0.0	0.0	0.0	0.0	0.0	0.0	0.0
GB148	0.03664786336958362	-0.0034090707954081995	0.0009241136186893506	-0.0007227126446994329	-0.0038068613715138374	0.0013849027839475773	0.0007023276746637156	0.0023066204233508796	-0.0004256271722050213	0.001293741869796631	0.0020423310481225924	-0.00016396637367358313	-0.0006823711672162919	0.00020361253886148288	5.839110918899472e-05	-0.000320836337335337	-0.0003221334808015402	-1.9815485245993377e-05	-0.00017577426789521002	-0.0008306601532609213	-2.162483635800596e-05	0.0003105595981979942	0.0005662926539295487	0.000512582701477324	0.00024924919589877875	0.00011539736537548359	-1.2438835979088617e-05	-0.0001398204656391265	0.0003517883409426006	0.0005624060555040908	0.00028541535731232254	-0.0004755610658041503	0.00014884506606266124	0.00027612240465629926	0.00021175356287378403	-0.0002796570397978954	-9.854974127445293e-05	-0.00010245338328117343	1.3256303884522443e-05	2.127248075165279e-06	-0.00015418619573145942	2.8132684339218022e-05	1.3495554805256944e-05	-0.0	0.0	0.0	0.0	0.0	0.0	0.0	0.0	0.0	0.0	0.0	0.0	0.0	0.0	0.0	0.0	0.0	0.0	0.0	0.0	0.0	0.0	0.0	0.0	0.0
GB151	-0.04769759584473995	-0.0046415116271817285	-0.002424577381648459	-0.0029254722686095176	0.0020511364145105325	0.0010846556618550782	-0.0011542818793929836	0.0002916602653940135	-0.0004692567418852615	0.00043121710220880117	-0.0002763188962668764	7.553827763739511e-05	0.0003388704211268133	-0.00014601218408710867	-0.0001951484073325149	0.00013832625195066547	0.0002105790546238828	3.3169143234089886e-05	-0.0001572506360382029	-0.00041619182099449987	-0.000216724127930561	-0.0004239906480844543	-0.0006723040157012458	-0.00014902807909949656	-0.0005723011210331371	0.00036282985893008407	-0.0003600459906842948	-0.00011146924667278616	-0.00018059918574023744	-0.00024278713827102	0.0006373744244710426	0.00023209598458885476	-3.117160858718789e-05	0.0004751827085927017	-0.000391727843088572	0.00025852528287740044	0.00023838860734755942	0.0002450455753975835	-5.4130672353068455e-05	-0.00027174137826841175	-0.00033016958518893686	-9.529729067915533e-05	2.323383671686868e-06	-0.0	0.0	0.0	0.0	0.0	0.0	0.0	0.0	0.0	0.0	0.0	0.0	0.0	0.0	0.0	0.0	0.0	0.0	0.0	0.0	0.0	0.0	0.0	0.0	0.0
GB154	0.028356170965080123	-0.004484123418358378	0.0014217382096498325	0.0002578794986556413	-0.004217168754979572	0.00028773637499094154	0.00024806258356187136	0.002520719011154981	-0.0014005840525224643	0.000961418722561652	-0.0002790106232890401	-0.00036547931042639687	-3.0004868748399295e-05	0.0006222890861436965	-0.0004671576227652054	-0.00019083810188897664	-0.0006664585011816475	0.00020213948341593616	-3.9522881757536146e-05	0.0012697516403439846	-0.00019597283417892224	-0.0005857981772183971	-0.00045367326580956943	0.0004403666396420304	0.000269828749814032	-0.0008611377859829849	0.0005620430519004423	0.000174647856177688	-6.934166264495041e-05	-0.00020151657749306934	-0.0002792052759938069	0.00017501431159331444	0.00010983610787673204	9.913202240278502e-05	-0.00012838382496035714	0.00036060077191687367	0.00014271823120975196	0.0001916034033564419	-3.396437798697127e-05	3.713403937960983e-05	0.0001342934040139407	1.041004297006318e-05	-9.198036586855616e-06	-0.0	0.0	0.0	0.0	0.0	0.0	0.0	0.0	0.0	0.0	0.0	0.0	0.0	0.0	0.0	0.0	0.0	0.0	0.0	0.0	0.0	0.0	0.0	0.0	0.0
GB155	-0.040684987382580105	0.0017085280342069447	-0.004587063298946462	0.0015069947131753647	0.0013138041957729608	-0.000939840696641332	0.0010961955540729294	-7.442921607793146e-05	-0.0004530204298081748	0.000104528815421446	0.0004285474948725553	-0.0008289974348542736	0.00025773642304219757	0.0011839342922037655	-0.0010711787726299024	-0.0004393181476157204	0.0009438787252428281	0.0006030394081011247	1.3279618667009853e-05	3.070440527660304e-05	0.00025106652233477356	-0.00039505106303115066	-0.00016843040729781414	-3.333869504104221e-05	0.00037675205779130457	0.0005267452526974976	0.00026731823147485323	0.00019774314726163348	0.00028294571363720434	0.0002977968249894175	-0.00031256834767446495	0.00041692096668088447	8.812946237084527e-05	-1.4021063572324402e-05	0.00011898243241184325	4.933075461722938e-05	-0.00032526419645288724	-7.725410726433017e-05	-0.0002559399911337266	-0.0001928165834216487	-0.00016418348504334973	2.0351335511826518e-05	1.5102245329291248e-05	-0.0	0.0	0.0	0.0	0.0	0.0	0.0	0.0	0.0	0.0	0.0	0.0	0.0	0.0	0.0	0.0	0.0	0.0	0.0	0.0	0.0	0.0	0.0	0.0	0.0
GB158	0.020016892672876308	-0.003361028737278869	0.0053837597832982744	0.0028550240031942073	0.001318065363150337	0.00024487137330890193	-0.0015762499249463483	-0.000337086073988403	-0.0006844569948358774	-0.002062096220621073	-0.0019290076461530494	-0.0007464459122231628	0.00023336073646436955	-0.00027458281613915934	-0.0002520963282675905	-0.0004453038659194201	-0.001979261545909079	0.0013624070739949297	0.00041092913397528874	0.00035465173946046757	-0.00029365773708976125	-0.0006996283595120409	-0.001176628440904638	-1.5190593380155914e-05	-0.000493284947059598	0.0004886367694808308	-0.0004702879671271572	-2.6270378497668724e-05	6.933655210078203e-05	-0.00033952607284367704	-0.00031594803904200436	-0.00017208442721387997	2.3074591394983382e-05	7.096248462185705e-05	0.00022848821922841634	-0.00015575734099533236	-3.2214427707626186e-05	-3.792328347153305e-05	5.513205671111411e-05	4.9556468377621164e-05	-9.130198485187202e-05	3.736450948018743e-05	5.363591985111573e-06	-0.0	0.0	0.0	0.0	0.0	0.0	0.0	0.0	0.0	0.0	0.0	0.0	0.0	0.0	0.0	0.0	0.0	0.0	0.0	0.0	0.0	0.0	0.0	0.0	0.0
GB161	-0.010098070173847095	-0.0017506079632929716	-0.0016595779233009285	0.0016518815516894107	0.0010826274292610526	-0.0011985684822579936	-0.0016764755920523602	-0.0017967870302884386	-0.00028702633041013595	-0.0009721825159329879	0.0011326866921121702	0.0013049266961043702	0.00018695917346441964	-3.428061254881474e-06	0.0006167945734933441	-0.0007901767702038201	-0.00016852607867013053	0.00039689148289261025	-0.00016566308323177716	0.00030760545273028666	7.773667606521805e-05	6.63175829426856e-05	1.2714792830940784e-05	2.632245463019691e-05	0.00043206979643028456	-9.148919150363274e-05	-0.00046817137487524947	-0.0006234392738155988	5.6332820562320954e-05	0.00047612779771574607	0.0008763592963535412	0.000967412510029804	-8.402312137603824e-05	-5.5281402079778734e-05	-0.00011259649767760975	0.00021583763279223357	-0.0002152639032111248	2.7216372712848145e-05	-1.0255230901000832e-06	1.3772584329438613e-05	7.742867653084872e-05	3.7810690329613344e-05	-2.0209610751319926e-05	-0.0	0.0	0.0	0.0	0.0	0.0	0.0	0.0	0.0	0.0	0.0	0.0	0.0	0.0	0.0	0.0	0.0	0.0	0.0	0.0	0.0	0.0	0.0	0.0	0.0
GB163	0.11563668931173592	0.014022102772993934	0.02082404036738059	-0.008479150207738042	0.008081935890344262	-0.009154399544827897	-0.0036718917816992783	0.0005754486004662818	-0.0009240538413188842	0.0009039795423098672	-0.001491318006146203	-0.0003651912805352152	0.00018445638016777134	-0.00017586464449663558	-5.579092597573716e-05	0.0003882551069287993	0.0002871200401422905	-6.776786888397008e-05	9.722213564636755e-05	2.4596881047652e-05	4.3497695002559864e-05	9.151369161420742e-05	-5.489677400107629e-05	-1.078058843963648e-06	6.536794789821759e-05	-4.101475667616901e-05	-2.002600084714381e-06	9.194209964628629e-06	2.741726024626937e-05	-1.4422061560058881e-05	-8.494924964366925e-05	5.739940496924803e-05	3.744269482837703e-05	-6.567165437221549e-05	-1.0472113134908924e-05	-3.1861064168292565e-05	9.723145174310846e-06	-8.088750614407155e-06	-2.899283847552645e-06	3.624740711079797e-07	-1.5671143183768694e-05	-1.0111954021138954e-05	-2.8823555573664614e-06	-0.0	0.0	0.0	0.0	0.0	0.0	0.0	0.0	0.0	0.0	0.0	0.0	0.0	0.0	0.0	0.0	0.0	0.0	0.0	0.0	0.0	0.0	0.0	0.0	0.0
GB164	-0.0457927433100514	-3.832312054611752e-05	-0.003454050364227008	0.004498905864919979	0.0015306131692801154	-0.0027142111686742037	0.005458987605104148	-0.002803998393659206	-0.0024330396675780906	0.00017787976691489553	0.0023228719645830877	-0.0018689286941731558	0.0025467171024485024	-0.0002571132200695385	-0.0007927618009545394	-0.00031576515794773244	-5.9853799932451114e-05	-0.00013743045640808813	-4.722609971361294e-06	-0.00020985131694724833	-0.0007190249883843277	5.5878805018658934e-05	-0.00046042576919245245	-0.0007281250489486844	3.139935550604556e-05	0.00010124430997340631	0.00021882830759536732	0.0003682639342402966	0.0001293605850447414	0.0002767439531776225	-6.796209072694737e-05	-7.420669164829357e-05	4.776411869002266e-06	-0.00010713711444663583	5.054687424286859e-05	9.228123244400917e-06	5.215495242377594e-05	6.43271716364795e-05	9.00376218127127e-06	1.2166717231063234e-05	4.5401625594806394e-05	-2.708158390040785e-05	7.221361921232976e-07	-0.0	0.0	0.0	0.0	0.0	0.0	0.0	0.0	0.0	0.0	0.0	0.0	0.0	0.0	0.0	0.0	0.0	0.0	0.0	0.0	0.0	0.0	0.0	0.0	0.0
GB165	-0.048079514780366546	-0.006036819500575561	-0.001842956328368404	-0.004691177288363497	0.0010009869872814486	0.0007311204068322843	-0.000893402886875784	-0.0003141322823291834	0.00019291440776454894	-0.0004921235572462262	3.0645194474803004e-05	-0.00021368293781020688	-0.00019552476643789102	5.810193951671504e-05	4.2096869351239256e-05	-0.0005955129489657224	-0.00022024024166822834	-0.00019643488757781883	1.5253823081952017e-05	0.00045546307802462894	-0.0005683916019189315	9.399646492048063e-05	6.401065717247771e-05	7.543332185972822e-05	-7.445030031943683e-05	0.0006239191705490952	-0.00010744158603380981	-0.00037837677300099073	-0.00034254219645266825	0.0002660341462183715	0.00027742202416642335	-0.0001591953348417547	-0.0002937089791324881	-9.706984896287246e-06	0.00023001908764579582	9.675792275082048e-05	-9.726566886183256e-05	-6.201038608763629e-05	-6.857014448996564e-06	5.121995885980042e-06	-2.3088822849864573e-05	-1.814229981203101e-06	-0.0001282935520209533	-0.0	0.0	0.0	0.0	0.0	0.0	0.0	0.0	0.0	0.0	0.0	0.0	0.0	0.0	0.0	0.0	0.0	0.0	0.0	0.0	0.0	0.0	0.0	0.0	0.0
GB168	-0.0037264379940664264	-0.004518532907451721	0.000392791928092511	-0.0004393873568523067	-0.006382258929966123	-0.00203650232903892	0.001229978555512489	-0.00027556400304282826	-0.00041722084247041385	-0.0003724057260672379	0.000781837574617039	0.0020936418535274083	0.000211712512461329	-0.0002516973870022494	-0.00015281275173214778	-0.0006548826293384654	-0.0006749129849003533	0.0002816824268414693	-0.00013073021234855938	-0.0004245244212413899	-6.06312589714905e-05	5.9674598548182465e-05	0.0004728832068084473	-9.646268213643228e-06	-0.0003923507535278078	0.00014027366700707384	0.000766440805619063	0.0003794079655547787	-0.00048285916240088894	-0.00040649178545329397	0.000520920922956952	-8.713981567988885e-05	-3.1532357200551326e-05	-0.00023780508289555487	5.264710107640039e-05	-5.2739244801493934e-05	-0.0001322335603797958	0.00011183481489145339	-5.424383936799041e-05	-0.00011633666702482398	-1.4761698308271721e-05	-2.0387106154821434e-05	2.4637320165203145e-05	-0.0	0.0	0.0	0.0	0.0	0.0	0.0	0.0	0.0	0.0	0.0	0.0	0.0	0.0	0.0	0.0	0.0	0.0	0.0	0.0	0.0	0.0	0.0	0.0	0.0
GB169	-0.046959214066814005	-0.003959352216244466	-0.002732448437496417	-0.0017932464361608595	0.0030461766416011605	0.0006390566799003532	0.0005937594324228024	0.00015598631569193878	-0.0009668194443107549	5.420121927371487e-05	0.00043459739402428065	0.0011871813329041643	0.0005447785235592839	0.0006222526593840447	-0.000928545912838218	-3.730274095428045e-05	0.0005427492263899739	-0.0010704118270268635	-0.0001827075747559675	0.0006096871754815896	-0.00018880782180215842	-7.506000345588048e-05	-6.992005087950614e-05	0.00015250106067898807	6.411479377867104e-06	0.0001794932758677949	-0.00035985707192935385	-0.0004014056724031773	-0.0002799906694861879	-0.00023855882932879627	4.024351315855807e-05	-8.180924508812608e-05	6.256345339962407e-05	2.1077518095376515e-05	-0.0002993865344464365	-0.00024324843629391872	-0.00010972971538785416	4.3719025804352835e-05	0.00032902107510902526	0.00011049889048030988	8.316867476080165e-05	0.00010004259318221652	3.512874108109597e-05	-0.0	0.0	0.0	0.0	0.0	0.0	0.0	0.0	0.0	0.0	0.0	0.0	0.0	0.0	0.0	0.0	0.0	0.0	0.0	0.0	0.0	0.0	0.0	0.0	0.0
GB171	0.05816019164897618	0.0021365237461166793	-0.003949326918611507	-0.0037096567299230894	-0.0012047814078313083	0.004817902598729773	0.0003548986804183331	-0.0041617080141298345	0.00394506512303841	0.002826820834110702	0.00024193380945935865	0.00013333724290841024	0.0003755695413589059	0.00011451880978287169	-0.0002340628103075962	0.00015412182276352323	6.570166576475582e-05	-0.00011135843108621174	-3.340786731204267e-05	4.283573028820778e-05	5.655601945615348e-05	-7.74835326778253e-05	-0.000212071193748032	-9.692281613122429e-05	-9.102671810651496e-05	5.489968947824951e-05	2.6300305334587445e-06	-1.3902408577461367e-05	-8.269950265433196e-05	-0.00015184830358339315	-3.1220566340324636e-05	0.00010888464562191712	-6.407510564084908e-05	-0.00010725532220499386	-0.00010042232750702391	-4.3724858205475855e-06	4.359002516168904e-05	-1.0384015341028443e-05	-9.272837558174925e-06	2.0546346551926185e-06	3.1122292114886816e-05	-1.2034464776744305e-05	-5.9284443718786256e-06	-0.0	0.0	0.0	0.0	0.0	0.0	0.0	0.0	0.0	0.0	0.0	0.0	0.0	0.0	0.0	0.0	0.0	0.0	0.0	0.0	0.0	0.0	0.0	0.0	0.0
GB172	0.04564056688908289	0.001873336690398337	0.018764788777274048	0.0007737602561602134	0.0023513843480759016	0.00011512423149541053	-0.0010515229827800082	-0.0021206274653965537	0.0017727675767878195	0.0007283182982148266	0.0011200770778841713	-0.000884726199751916	-0.0006301371466292419	3.507189791811842e-05	0.0001385361477414061	-0.0006712492544115221	-0.0005184921020024308	-0.0014461398408490782	0.0005956237613633562	-0.0012167504393623527	0.0014710124152004628	0.00014251360318641535	-0.0007262386115095233	0.0002233829360095079	0.00028416221644858916	9.226784176196927e-05	0.0003663517889924762	-0.00023665482244196226	0.00028189866197804415	0.00015512326643269965	-8.106594671345455e-05	-0.00013674120172090632	0.0001659439214324988	0.00025340536319294653	0.00011668182139989544	6.804060835063493e-05	-7.230891186895673e-05	0.0001146506145095791	7.144580892733369e-05	4.6504391295222116e-05	-7.495518677015689e-05	2.891394465752123e-05	4.2573776296777875e-06	-0.0	0.0	0.0	0.0	0.0	0.0	0.0	0.0	0.0	0.0	0.0	0.0	0.0	0.0	0.0	0.0	0.0	0.0	0.0	0.0	0.0	0.0	0.0	0.0	0.0
GB174	0.03174804691915055	-0.0017955694890982026	0.018980686337248802	0.0018730007092731633	-0.002675694062088309	-0.0008579360965059976	0.001125897907962206	0.0029240253323871957	-0.0017558873222690398	-0.00019571029818218633	0.001646355798720263	0.0005233719655845365	-0.0004202984672436224	0.00012888859983789633	-1.213436389890682e-05	-0.00012726214966982206	-0.0006285266217373573	2.8578317292165818e-05	-0.0003782774936928347	0.0005769648474501855	0.0012340910208188019	9.679906804171642e-05	-0.0003551053079628457	-0.00092177372316625	-0.0003277144920630108	0.0001739615176361787	-0.00016036535677113983	0.0002289663519350963	-0.00028405884194776244	-0.00012584053056403476	0.00014422916380508867	0.0001604307985708539	-0.00012321200327492207	-4.867988406198047e-05	2.796251914979416e-06	2.621826244982243e-05	-2.523444909757918e-05	2.286796787789044e-05	2.5225641196802088e-05	-2.332278370916634e-06	-3.3868074586703157e-06	-2.3061816634467922e-05	8.234491972638625e-06	-0.0	0.0	0.0	0.0	0.0	0.0	0.0	0.0	0.0	0.0	0.0	0.0	0.0	0.0	0.0	0.0	0.0	0.0	0.0	0.0	0.0	0.0	0.0	0.0	0.0
GB175	-0.042927818378230134	0.005164234824452733	-0.005643387538425991	0.00456010219303291	-0.0008708959868790932	-0.0020266796970009014	-0.0005408645086356597	0.0006835043116886271	0.0017956843433805832	-0.0013843938623655672	0.0012340361055506461	-0.0006121128378012576	0.0004366807172637445	0.0003094170932276165	-0.0012571179372891494	-0.0005156377513622965	7.46533947610995e-05	0.00017612546425116115	-4.6592981344793435e-05	-2.1215586865639248e-05	-0.0003082853484390143	0.00014637174610441066	-0.00026307227315717233	-0.0003293474985092722	5.6143008209794573e-05	3.569445649612617e-05	0.0002296450776535103	0.0002624838795364646	-1.2547735224906433e-06	0.0004088538743846298	-7.082380246592813e-05	0.00011539077950619176	9.101309432189196e-05	0.0003066073079407801	-0.00022772778720760712	-0.00026993661749232845	0.00013230161208099925	9.97879181157542e-07	5.981943115093087e-05	1.6658685251475187e-05	8.37941251874754e-05	4.823145440714148e-06	-2.4891650200015237e-05	-0.0	0.0	0.0	0.0	0.0	0.0	0.0	0.0	0.0	0.0	0.0	0.0	0.0	0.0	0.0	0.0	0.0	0.0	0.0	0.0	0.0	0.0	0.0	0.0	0.0
GB176	0.036895639865001995	0.0002016622328496748	0.018878634183445115	0.002031199343854126	0.0024893055571563283	-0.0007395384602874682	-0.0010548494877264437	-0.00014026943358969022	0.0005256640157648031	0.00046633345658366664	0.0024842567009200215	-0.0006677578589405072	-0.0013600509601254865	1.3924435628547692e-06	0.0012982299352352889	-0.0006601007572518829	0.0006829367769245735	0.0008589814497788444	-0.001049539837460215	0.0002467053447486616	-0.0019899617528976107	-0.00020906765830256278	0.00033905816890081845	0.0005464309572748679	0.00010604428038805498	-0.00018832489853687	5.848026969229419e-05	-8.517264079978704e-05	-4.906706908583296e-05	-8.684753919214223e-05	-6.0157683996788184e-05	-0.00015519790867494867	1.2704419096289569e-05	-5.391597093828779e-05	2.524101470359099e-05	1.9399663184404706e-05	5.164760688780539e-05	-1.2223690659285835e-05	-6.73717972172024e-05	-3.893935873804251e-05	4.042409227241921e-05	4.136819294582814e-06	2.0779993952406305e-06	-0.0	0.0	0.0	0.0	0.0	0.0	0.0	0.0	0.0	0.0	0.0	0.0	0.0	0.0	0.0	0.0	0.0	0.0	0.0	0.0	0.0	0.0	0.0	0.0	0.0
GB178	-0.04823544901540843	-0.007419954218804445	-0.0008489327749091371	-0.008456649604749773	-0.006026066729529537	-0.00023351670535715457	0.001700734387773682	0.001489679979966369	1.240215290718607e-05	0.000536636522992131	-0.00031512048631773663	0.0007083614536251791	6.41214479512081e-05	0.0001914759663755856	-0.00017322494240921448	-0.00018807318955810928	-0.00038881803193230546	1.930080062058434e-05	2.72457510810177e-05	-0.00015846363724165234	0.00015580448752526156	-5.802571194845651e-05	0.00010285679110775167	2.753784760770359e-05	-0.0001933464946479416	0.00013379710031642436	0.00017071158732524441	0.0001746204943410181	-2.2527370446672828e-05	0.00011415524579148262	1.880606536083973e-06	7.052880306160528e-05	5.809254938652882e-05	5.5123614908911706e-05	1.544934219078106e-05	-0.00019201777448207152	-9.90038285482232e-05	-9.152182360576029e-05	8.383739196124199e-05	-9.561220082469057e-05	-6.633538334138527e-05	6.115515131860774e-05	-0.00010549669070099509	-0.0	0.0	0.0	0.0	0.0	0.0	0.0	0.0	0.0	0.0	0.0	0.0	0.0	0.0	0.0	0.0	0.0	0.0	0.0	0.0	0.0	0.0	0.0	0.0	0.0
GB183	0.03600303923416135	0.00016771606786237841	0.01045596522156932	0.0036300405021086795	0.006113828587102118	0.0015358868719269657	0.0001529486688776595	0.0014807362296745685	7.231584746670598e-05	-0.000984968508556958	0.0006942507988805048	0.00048043789247729975	0.0006163217125244304	0.0006186142272617734	-0.0014783735877345512	0.0006121614673217307	-0.000992811847867508	-9.536231615020763e-05	0.0011288163476128098	0.0008679364375017073	0.00037256289166139414	0.0001675385753652922	0.00132017681947704	0.00022561757886882335	0.0003625273075459	-0.00043663858205091147	-0.00012139498061000766	1.6973570661572462e-05	0.000268386422409116	0.00031197786659813305	-0.00013027487062137428	1.5863432948835163e-05	4.7619482146782025e-05	-8.07482354466556e-05	-7.861501158800538e-05	-1.2053957268711867e-05	-6.3268320739341985e-06	-4.4535989942424854e-05	-3.08663377336816e-05	-7.97795857045166e-06	-1.671270621285215e-05	-2.4221264962898157e-05	-3.1353837097015078e-06	-0.0	0.0	0.0	0.0	0.0	0.0	0.0	0.0	0.0	0.0	0.0	0.0	0.0	0.0	0.0	0.0	0.0	0.0	0.0	0.0	0.0	0.0	0.0	0.0	0.0
GB185	0.07394507768639717	0.009442179031739254	0.014162050226183444	-0.005820013439399761	-0.0022869084331892057	0.002118411772271465	0.0013613842944912107	0.0011096758443812193	-0.00019351871007259052	-0.0007835729255855441	0.0012739679349980427	-0.0008143205304263167	-0.000652783240520762	-6.289934278870764e-06	0.0005290783524835364	-0.0008956677477058255	-0.00022721135904544168	-0.0006978921280230422	0.0004141822036442974	-0.00044640173090448285	9.084570488326126e-06	-0.0002909493895858494	-0.0006229437628683431	0.00025709034809911444	0.0001770680869133386	-3.060135404971087e-05	0.0001835783691740775	-0.00018545245967086887	0.00019436952282850324	-0.0007185149180361673	-0.00025398248134640716	0.0004812946676052212	-0.0002714818812168326	-0.0007877895206458913	-0.00038975082471030413	-0.00018117378214318062	0.00011360414057287153	-0.00023938134935110497	-5.9173892066602855e-05	-3.8048154486218386e-05	-6.148750989020651e-06	-6.63215553188521e-05	-3.057701915580323e-05	-0.0	0.0	0.0	0.0	0.0	0.0	0.0	0.0	0.0	0.0	0.0	0.0	0.0	0.0	0.0	0.0	0.0	0.0	0.0	0.0	0.0	0.0	0.0	0.0	0.0
GB189	-0.047241850286163664	-0.005362817860676377	-0.0021302604260544492	-0.004160560695384808	0.0013076905955393147	0.0005644966171925125	-0.0008363375204849866	-0.00033522301491569465	6.981789976006822e-05	-0.0002756862027137733	0.0006494338850435213	-6.977350755237536e-05	2.3192568905646995e-05	0.000265246929287746	-0.000557685612182223	0.00011293997643606788	0.00011456012884446978	0.000790433453357391	5.246538430117096e-05	8.634472125243092e-05	-9.266151571018224e-05	0.0005956913849532436	-0.00011883436045294846	0.0007358753679536269	9.280436173164423e-05	-0.0007051558111798445	2.1042712547366955e-05	0.00018026846696729543	0.00051542413560883	-0.0002187537708670385	-0.0004212882492182594	0.00015375666218521222	9.299249106804442e-05	5.199363278293913e-06	-2.361658408954446e-05	-0.00019122190215568866	-0.00017756500865058296	0.00033558930105649805	2.8025800268845833e-05	-0.00011458920392225028	0.00011182357535050375	-1.935775237304443e-05	-2.5893209736677547e-05	-0.0	0.0	0.0	0.0	0.0	0.0	0.0	0.0	0.0	0.0	0.0	0.0	0.0	0.0	0.0	0.0	0.0	0.0	0.0	0.0	0.0	0.0	0.0	0.0	0.0
GB191	0.004687222808728423	-0.005019923975046094	0.0009577908115303001	0.0008330697635424469	-0.004873600801557424	-0.0010112444677900809	0.0005187052578541672	-0.00038274820106530723	-4.154280449027346e-05	0.0003724868729552651	-0.0005198023776225259	0.0008671894411612281	-0.00048522556243887926	8.833818233338906e-05	-0.000980168359914519	-0.00020963189303716836	7.974122926167173e-05	0.0004196125956200109	0.00036779071946881493	-0.00093292263063905	-0.0004583078561236523	-6.650994482584957e-05	-1.5532475037465774e-05	-0.0007281560880204066	0.0009268267410397831	-6.292068450837099e-05	-0.0010466748701676574	-0.001324656376059216	-0.0002713134353157328	-0.00011382031480415971	-0.0007650850648490729	3.8315730103626877e-05	0.0001938869077793489	9.830321702312856e-06	0.00010031005389134006	3.241818742022687e-05	2.3590213571318358e-05	-1.4785073239128666e-05	-8.275126701195288e-06	1.441281366785681e-05	-1.2401683041874905e-05	2.3051776332915298e-05	-1.0056639056185465e-05	-0.0	0.0	0.0	0.0	0.0	0.0	0.0	0.0	0.0	0.0	0.0	0.0	0.0	0.0	0.0	0.0	0.0	0.0	0.0	0.0	0.0	0.0	0.0	0.0	0.0
GCDF193	0.002831552051428602	-0.0028485227123498285	-7.291624174126408e-05	0.003960793896398647	0.001748324542113373	-5.483888587115216e-05	-0.0006513120728163679	-0.001546964460189714	-0.0004709198280732328	-0.0005611856311668697	-0.000562489066883957	0.001285703735425694	0.00030166882898143135	-0.0012784585726970884	-0.00011995973650175346	-0.0008525811047773193	0.00017166783308672024	0.00039451320811799894	-0.0021264833947387944	-0.00027680309564669277	0.0008862948404086083	0.0011780785837337648	-0.00018386227729594103	5.773707304639878e-05	0.00012871472791045588	-0.00037326481664225897	0.0003454896823283995	0.00019179460610324486	-0.00020412466803570268	-5.934082875525532e-05	-0.0007248050592253814	-7.349588258611158e-06	-0.00014798328594331722	1.0936194511408946e-05	0.00012838611212550452	1.672431883996382e-05	4.370677546669237e-05	3.072786195799247e-05	-0.0001350656165834645	-6.988617664196328e-05	-7.768464377363227e-05	-3.072637823483585e-05	1.0441839227293916e-05	-0.0	0.0	0.0	0.0	0.0	0.0	0.0	0.0	0.0	0.0	0.0	0.0	0.0	0.0	0.0	0.0	0.0	0.0	0.0	0.0	0.0	0.0	0.0	0.0	0.0
GCDF194	-0.04793192963614338	0.007537016681768327	-0.0059633489871277565	0.007950940025259059	-0.0033946170629110643	-0.0005542921733437598	-0.005415246991297798	0.0006161143971451353	0.000294367742848833	-0.0011244038479919468	0.0016557338127263775	0.0026511998504567856	0.0005133449597924066	-0.0001054154440552268	0.00043597768894619435	0.0005009552221692084	-0.00026601386073756136	-0.000709362680424567	0.00025036003993812793	-8.275262902848292e-05	-0.0003949687006889561	0.00041480736550809097	-0.00026763714150350123	-0.00019287261081815644	-4.019800385503977e-05	-0.0002626598652865131	-0.00012966781337933093	0.0001010459670262353	0.0001344859815481829	-7.739910592801401e-05	-0.000135413041122746	-2.292016907438025e-06	5.781858841502566e-05	-0.00011339876141383464	8.567416827758045e-05	-4.365685526790469e-05	-1.0619110358416315e-05	5.112691015810575e-05	-1.0824209418718115e-05	-1.4313270936195173e-05	-1.4426400385216381e-05	-1.8479003617949613e-07	8.999255615815444e-06	-0.0	0.0	0.0	0.0	0.0	0.0	0.0	0.0	0.0	0.0	0.0	0.0	0.0	0.0	0.0	0.0	0.0	0.0	0.0	0.0	0.0	0.0	0.0	0.0	0.0
GCDF197	-0.005308193313103672	0.11945279023593823	-0.018880191523132032	-0.0030280150841199742	-0.0011777091368450337	0.0002429894671335498	-0.0002874115935292611	-0.00012443379660476362	-0.0002944308429959174	0.00015091116428265908	-0.00023051738599524384	-0.0001420226147763597	-4.585498945699171e-05	5.33567954707058e-05	5.53421781561359e-05	-3.933830843455717e-05	2.3733737386745043e-05	-1.644407567517717e-05	1.9437652616120274e-05	2.24343798738276e-05	-6.761054311614105e-06	-8.872861823983667e-07	-1.4121016522789882e-06	-2.5413331330644926e-06	1.8344676739992196e-05	-6.204981960569199e-06	7.672734347896765e-07	1.0029114918289603e-05	4.36673913683887e-06	4.577912833977403e-06	-2.4401627533451666e-06	-4.281855013976876e-07	1.0898233753767896e-06	2.0004638983521182e-06	8.557152125018799e-07	1.7331596501567692e-06	-4.99354354741734e-06	-2.7071647325117003e-06	9.46062715794025e-07	-5.922883142843634e-07	-1.6677765544470333e-06	8.275818067767552e-07	1.2102525875284333e-07	-0.0	0.0	0.0	0.0	0.0	0.0	0.0	0.0	0.0	0.0	0.0	0.0	0.0	0.0	0.0	0.0	0.0	0.0	0.0	0.0	0.0	0.0	0.0	0.0	0.0
GCDF200	0.013442219643449865	-0.00435539341992109	0.004049096729175895	0.002222949595794626	-0.0014908782934975732	-0.0005279442330507468	-0.0005409799875980118	-0.0009956992271277479	-0.0005259621644078568	-0.002233366551931586	-0.0014575377263179243	-0.0005536173827652267	0.0006880447714371603	-2.440539316886103e-05	-0.0003835485823626377	-0.00031996827227962854	0.00045613980712542833	-0.00257486681967751	-0.0009599198122886796	0.001031782222852943	-0.00019768171326811138	-0.0005482139272228397	0.00034754890492963176	0.000484627751643511	0.00024559392220832794	-4.330356639114178e-05	9.900843095884023e-05	-0.0003595275085091529	-0.0005917550035353767	-6.668832508351533e-06	4.117229125091937e-07	-5.4954938860692406e-05	7.476273349173092e-05	5.6725126841394514e-05	5.803938885122342e-05	-8.029824629443635e-06	-5.0773953133710795e-05	-1.1377213244675291e-05	-7.078697957310951e-05	-4.60807503538649e-05	-8.793167923380598e-05	-1.4303928933536662e-05	9.205240259013718e-06	-0.0	0.0	0.0	0.0	0.0	0.0	0.0	0.0	0.0	0.0	0.0	0.0	0.0	0.0	0.0	0.0	0.0	0.0	0.0	0.0	0.0	0.0	0.0	0.0	0.0
GCDF202	-0.04812166709296539	-0.006758599399859053	-0.0013135929437495832	-0.006510260093770598	-0.0017282595719134756	0.0002567669201576867	-0.0005343172067126759	-0.000118691855713222	0.000662865053307838	6.572860880065754e-06	-9.214664914849442e-05	-0.0005123391451588984	-0.00033316070600580204	-7.381170949452001e-05	0.0003608201942206318	-0.0006778905232532395	-0.0003545198008507644	-0.00015150272686648318	-9.852288731202604e-05	-0.000159463874482649	-0.0005195272971360953	2.177812942686096e-06	2.0260554831781463e-05	2.2003555345716532e-05	0.0003469536685876284	0.00039247586472186945	-0.00014080909811314075	-0.0005406070744655545	0.0005907426011271	0.00027107895629242926	-0.0002684870633226929	-0.00029772452577215777	4.595283703891176e-05	5.739044929672635e-05	-0.00010711350224947636	0.00023391845156274846	0.00012112884671590629	0.0002511093826576777	0.00012313605171456878	-8.315545620164214e-05	6.923474619616887e-05	-0.0001283556520297061	5.623688793555294e-05	-0.0	0.0	0.0	0.0	0.0	0.0	0.0	0.0	0.0	0.0	0.0	0.0	0.0	0.0	0.0	0.0	0.0	0.0	0.0	0.0	0.0	0.0	0.0	0.0	0.0
GCDF204	0.190434509744267	-0.016581432918293008	-0.03063349275516745	0.002366529789085049	0.008807329872121659	0.0002682475886834409	-0.001309524528899226	-0.00070640726000906	0.00033977929633232474	0.0001762860754162224	-2.3869379508267966e-05	0.0001884812147520044	0.00019809145117646567	0.0002730326233823302	-3.252107796347778e-06	-0.0005747583367090962	-0.00040315625111751323	3.860277620722666e-05	-0.0002541255231079449	-0.00019676233892557685	-6.371657570548323e-05	-9.379844834863759e-05	1.5214963687232924e-05	5.146975979897761e-05	1.5479768456367875e-06	7.22785743161075e-05	1.642112860859021e-05	-2.631411116556875e-05	6.879460261473659e-06	1.0425419176723928e-05	0.00016122182978590646	-2.50796632850104e-05	-9.548788242665576e-05	-8.260459441635426e-06	-5.9426151097913305e-05	-9.255248335798204e-08	6.7370879778196485e-06	-1.9630850250903057e-05	-2.008551128230941e-06	-8.679946862395547e-06	2.6611110897017518e-05	2.2343695199029276e-06	2.1809821304646514e-08	-0.0	0.0	0.0	0.0	0.0	0.0	0.0	0.0	0.0	0.0	0.0	0.0	0.0	0.0	0.0	0.0	0.0	0.0	0.0	0.0	0.0	0.0	0.0	0.0	0.0
GCDF206	0.006507445028283156	-0.0047832050686410586	0.000726307076174887	0.0013711603787063054	-0.0030801757119691266	-0.0007894546506201901	-0.0005196516080779917	-0.0008514856898722651	0.00031824930798613095	3.7234913786565766e-05	-0.0008597917144179828	-0.0003327111829585235	-0.0004406998844124563	0.00010749845866678631	-0.0006712488285367274	2.9443114873918093e-05	0.00011353024202992538	-0.0006272897496016957	-0.0003248988301426926	0.00034669555274171	-0.00028991456175396724	0.000564012353415524	0.00020589182249001605	0.0009203939078192597	-0.0013096236409954527	0.0006974872264751149	-0.0004303913845210947	0.0005067586845415631	0.0014157321122684637	0.00011291753290976664	-4.732429883330092e-05	0.0003857699795800272	0.00023182279787347667	-0.00017390108599260452	6.605018236879883e-05	0.00015673221044207222	2.2481411847705584e-05	-8.322296633784524e-05	7.953268584521455e-05	8.547301514369234e-05	-3.59187447198239e-05	-2.866785629760817e-05	2.1556608455956345e-06	-0.0	0.0	0.0	0.0	0.0	0.0	0.0	0.0	0.0	0.0	0.0	0.0	0.0	0.0	0.0	0.0	0.0	0.0	0.0	0.0	0.0	0.0	0.0	0.0	0.0
GCDF214	0.19245299864037546	-0.01780786910081524	-0.028186261626350243	-0.001681394311443174	-0.0030218828435452185	0.0011889029561588777	0.000633794005863755	-0.0007432556558157309	0.0011399499426258148	-0.0015394331700157794	0.002097425900394919	-0.0007127043454953385	-0.0008718659408444882	-0.0004930238408796202	7.672525881525123e-05	0.0008266880473638889	0.0006131383629916497	-4.495163742412116e-05	0.00039822869258890727	0.00037952516047671	7.532631329808207e-05	5.182653104557048e-05	-7.744281260703668e-05	-5.0939984009406965e-05	-0.00016238916797613523	-6.840443470957632e-05	-5.072126332191702e-05	3.9913974791795753e-05	-0.00015510308091297982	-0.00013368818876515718	-0.00022992656891486921	0.00011776667574477167	0.00013496678190113594	6.353799834919402e-05	0.00013041067619459367	2.1980543949514774e-05	-2.392280846739732e-05	2.6600517238163314e-05	-3.0819653566267976e-06	2.3455692398725393e-05	-3.6454274815648604e-05	1.2960728479433948e-05	2.8184365968284683e-06	-0.0	0.0	0.0	0.0	0.0	0.0	0.0	0.0	0.0	0.0	0.0	0.0	0.0	0.0	0.0	0.0	0.0	0.0	0.0	0.0	0.0	0.0	0.0	0.0	0.0
GCDF215	-0.04327194570220625	0.005235577199649612	-0.005495400442107936	0.005263885171162063	-0.0007924092005832997	-0.0020425728071734026	0.0006728896185396659	-0.0005156687837494081	-0.00019359332120399283	-0.00010788886589341511	0.0009026459375185272	-0.001010670682679283	-0.00029498047789263467	-0.0016649997553812013	-0.0007969637919594778	-0.0011028957789208586	0.0009609179119416116	0.0011293392738943914	0.00047175263214390285	0.00028188556038979127	0.0014434077822458977	-0.0008550793875478104	0.0009483485731981052	0.0011697826017512396	-0.000546350484080459	-8.86696405972139e-05	-0.0003766423531780933	-0.0006227355880830963	-0.00023360601941309835	-0.0004287413800112253	0.0001678193910251643	-0.00024060827088789925	-0.00020591165554553723	6.211331469389286e-05	7.240236329386851e-05	5.5577548442339835e-05	7.456516181373868e-05	-1.186538236644811e-05	2.4393514009858506e-05	9.026724443470507e-05	2.5937989057094925e-05	-5.1905497665481415e-05	1.4729049133654075e-06	-0.0	0.0	0.0	0.0	0.0	0.0	0.0	0.0	0.0	0.0	0.0	0.0	0.0	0.0	0.0	0.0	0.0	0.0	0.0	0.0	0.0	0.0	0.0	0.0	0.0
GCDF221	0.026623297132023646	-0.0013969979374941286	-0.000108753779760997	0.005042713863973733	0.005308904483367187	0.0002917751525875709	0.0006330365979124711	0.003278638379764931	-0.00027190744505673983	0.0016157301256754385	0.0011131063054138626	0.0007184531540326755	0.0001461493624143161	0.0026341503491547668	-7.073619876310836e-05	0.0003062269990118928	0.0014147943633955296	0.00024389675361433577	-0.000517894077177585	-0.00032347151384768216	0.00037494612043925316	-0.0002635236201531985	-0.0005463977783203058	0.0002515030373760025	-0.00025988369133538773	0.00032197301387485106	5.352904297271708e-05	-6.310677442275788e-05	-0.0002119250733733142	-0.000159970950761957	-0.0001260459206549049	8.558285936845373e-05	-4.237533264676776e-05	9.571356467543485e-05	-4.052670319359307e-05	-7.83062090316631e-05	-2.8961764146456204e-05	-3.461364623102041e-05	3.828325686640077e-05	2.7559062340835817e-05	5.672426257681588e-06	-2.116867874311059e-06	-8.875108103253888e-06	-0.0	0.0	0.0	0.0	0.0	0.0	0.0	0.0	0.0	0.0	0.0	0.0	0.0	0.0	0.0	0.0	0.0	0.0	0.0	0.0	0.0	0.0	0.0	0.0	0.0
GCDF223	0.028006702535187722	-0.002861028336273067	0.013040554565845833	0.0019643860165166178	-0.0021616789421485226	0.0004871864355904526	0.0007267456624528336	0.0012008005896942096	-0.0014235091206164922	-0.0035814720342293325	-0.0017911560822426067	0.0003993690445168003	0.0008924474535700647	-0.0008783926162740573	-3.3310572879811505e-05	0.001089390797547551	0.0017122065993171683	0.0002679916794370864	0.0006353331599149843	-0.0016139841408796182	-0.00036009889726645937	0.00019919059535392186	3.785645999514989e-05	0.0004307532213235509	1.4452466182808875e-05	0.00010919015417109702	0.00016802246802410015	-2.137032889873162e-05	0.00019731317899192855	9.015022040384013e-05	0.00014178801441774248	0.0001937258697968062	-1.3838741480650768e-05	4.9965966005516945e-05	-0.00012262361438333954	-1.5051197404794436e-05	2.7935989537731424e-05	-2.205409797320574e-05	1.0394937825636868e-05	1.8541648442576656e-05	8.338439508574868e-05	1.8794158443769145e-05	-1.5002136161099038e-05	-0.0	0.0	0.0	0.0	0.0	0.0	0.0	0.0	0.0	0.0	0.0	0.0	0.0	0.0	0.0	0.0	0.0	0.0	0.0	0.0	0.0	0.0	0.0	0.0	0.0
GCDF287	0.009858199535573561	-0.004307100141641243	0.00040075880639747324	0.0021090344268826374	-0.00025631296429465966	-0.00018951402368874023	-0.0016834896068196068	-0.0010337524885684094	0.0004160531405821637	0.00013724470097964655	-0.0008688388596769819	-0.0008563095048642762	-0.0004758229750854562	4.8006255822329806e-05	-0.0006090092507263736	0.0005304403499173834	0.0005749480592358185	0.0006942217073515605	0.0013004812852402585	0.0005554118882920012	-8.679185136683086e-05	0.0013401653322019614	-0.0008084937290472974	0.0005273493205684489	0.0007645336224389304	0.00046190694472830464	0.0008454823940497782	4.1888284087084846e-05	-0.0005435230813455341	-0.00014929633768390679	0.0005239931091082054	-0.0004386072019578709	-0.0001497500348657011	-7.095504282589757e-05	-0.0001048880503996526	-4.6672308124262965e-05	4.9600247908302535e-05	6.585787122372801e-05	5.39488369704181e-05	-3.799753153435209e-05	-1.2338544227927095e-06	1.5564634544703843e-06	8.042550952353164e-06	-0.0	0.0	0.0	0.0	0.0	0.0	0.0	0.0	0.0	0.0	0.0	0.0	0.0	0.0	0.0	0.0	0.0	0.0	0.0	0.0	0.0	0.0	0.0	0.0	0.0
GCDF288	0.010291156193639985	-0.0004240269992291089	0.004077294107968946	0.01568409922509954	-0.00025259437451100367	0.00019520434728231666	0.0043850159239825	-0.003706870963210368	-0.0031242796363942786	0.0011250748883729837	-0.0027409723390322102	-9.022617049974293e-05	-0.001421104062445461	0.0009493988507995082	0.0004915961803859747	-0.0007120348196424044	0.0001423179069635827	-0.00027091391952945514	0.00046829436896706476	0.0001997440628235458	-0.00020002311560500123	0.0001306504297101192	8.291967910178428e-05	-0.0001383363936002522	0.0001436367950188587	-0.0001405218463836522	-7.216739152468054e-05	8.044129464693693e-05	0.00012754562696724804	-3.275634749234396e-05	9.289382035506537e-05	-5.8439335420099696e-05	-1.4307118297193886e-05	-5.3981169830188666e-05	-1.490065578284397e-05	1.2040224624106804e-05	-2.9055663715809718e-05	-7.629311202478661e-06	3.491908521388523e-05	-7.920318489385349e-06	-1.1873408678829555e-05	9.037837625251329e-06	4.17177441815525e-06	-0.0	0.0	0.0	0.0	0.0	0.0	0.0	0.0	0.0	0.0	0.0	0.0	0.0	0.0	0.0	0.0	0.0	0.0	0.0	0.0	0.0	0.0	0.0	0.0	0.0

Biplot	0	0

Site constraints	0	0
