Eigvals	73
0.1410327528274374	0.009379552639638584	0.002209574784785193	0.0010869026415190096	0.0009680879655634615	0.0004694172044774456	0.0003186134288041581	0.00024079355512190374	0.00016102531210754507	0.0001377337052426834	0.00011343240534756791	7.589790541413552e-05	7.512433997916976e-05	6.266168742630044e-05	5.1133878272862504e-05	4.6945436391877555e-05	4.385271221669126e-05	4.195246931084544e-05	3.9720936312118386e-05	3.8777450740093455e-05	3.736548459156185e-05	3.601690100218336e-05	3.4818647717388694e-05	3.209300725902357e-05	3.1857294607021426e-05	3.114535969638728e-05	3.0013710430750153e-05	2.870109728694621e-05	2.7454558596240655e-05	2.5711127042009872e-05	2.452204951330178e-05	2.4200400743233596e-05	2.2646028649628422e-05	2.2201924192009597e-05	2.091835575075306e-05	1.949331948567977e-05	1.9111083697077345e-05	1.8110587710973937e-05	1.691051123109015e-05	1.6317254179581245e-05	1.6024542482719764e-05	1.525157704122946e-05	1.449192849628128e-05	1.3254677090424103e-05	1.1594202349621188e-05	8.746873676760655e-06	8.495848006576918e-06	8.073982986811329e-06	7.6208826721783606e-06	6.3709709021318815e-06	3.7274345183052615e-06	4.3172342954599045e-07	0.0	0.0	0.0	0.0	0.0	0.0	0.0	0.0	0.0	0.0	0.0	0.0	0.0	0.0	0.0	0.0	0.0	0.0	0.0	0.0	0.0

Proportion explained	73
0.896997162060854	0.0596558737632426	0.014053347691075864	0.006912923170916966	0.006157237523387206	0.002985589459166335	0.002026446592739324	0.0015314962748487965	0.0010241539293866146	0.0008760145444652882	0.0007214533052971086	0.0004827262064872489	0.0004778061720560861	0.000398541152069187	0.00032522192736352505	0.00029858258008156935	0.0002789122215828349	0.00026682628792843366	0.00025263328150422736	0.0002466325202371816	0.0002376521266564896	0.00022907485911953342	0.00022145372307600717	0.00020411809211840084	0.00020261891142690246	0.00019809085973955968	0.0001908933388844802	0.00018254485074061937	0.0001746166096367245	0.00016352802826083779	0.0001559652519033023	0.00015391949991911926	0.00014403337539273774	0.00014120878018236075	0.00013304502228899575	0.0001239815000930661	0.00012155040227542665	0.00011518704311100539	0.00010755431117370243	0.0001037810749508571	0.00010191936867254297	9.700315032263758e-05	9.217163015926168e-05	8.430245808710045e-05	7.374149901685968e-05	5.563190611870904e-05	5.4035331498664965e-05	5.135218366303071e-05	4.847037296156943e-05	4.052067838296349e-05	2.3707246137203815e-05	2.7458493387827674e-06	0.0	0.0	0.0	0.0	0.0	0.0	0.0	0.0	0.0	0.0	0.0	0.0	0.0	0.0	0.0	0.0	0.0	0.0	0.0	0.0	0.0

Species	0	0

Site	73	73
GA1	0.012661047786507803	0.0055774369264213215	0.0016097374305133942	0.0007584796442326796	0.0009165254895565746	0.003309924633806216	-0.0009198204883975374	-6.307013233341398e-05	0.0009523097454938417	-0.00016265528946502112	0.00027418971208482095	0.00019548550237601976	5.372411977019802e-05	0.0007249874847761698	-0.0011249111171634948	0.0007259009358541333	0.00011729906852507722	-0.0008777840399183856	0.002523982403169917	-0.0004041126332386058	-0.0004955239960741029	0.00041131720814540924	-0.0001864212788393205	-0.0008112969309046444	0.00036526675534632715	-0.00036333458204223644	0.0007538723620670209	-0.00021946796324570015	0.0005660057452419981	0.0010834763962920507	-0.00044242452730235056	9.264638806953353e-05	0.0002861718012090563	-4.869798195120316e-05	-0.0005161330906702115	-0.000525257903817389	0.0005932745853268291	-0.00029443344065809793	-0.0008138405905925871	-0.0003818902353804344	1.0287263491176824e-05	0.0007936852547657505	0.0006300446477024407	-0.0001702866287237839	0.0005554990378870812	0.0006541196399382116	-0.0002774829004870075	-0.00044513061531413435	0.0003754152724415845	-0.00022389470909014056	-0.00010862639141812377	-0.00014912987270006238	-0.0	0.0	0.0	0.0	0.0	0.0	0.0	0.0	0.0	0.0	0.0	0.0	0.0	0.0	0.0	0.0	0.0	0.0	0.0	0.0	0.0
GA15	-0.01987709996986728	0.001780595570067585	-0.004680192327349421	0.004625459388838075	0.003668625386366485	0.000615793040381958	0.0013644645835173132	0.002314638981703761	-0.00017362425720754497	0.0017177729440730103	-5.763945064748351e-05	-0.0010353190558525475	0.0013262065315909678	0.001214062180766186	0.0016353256209933333	0.001587274409373451	0.0006097738103292083	0.0009814738107873395	-0.0002120802141121505	-0.0012491092306766167	0.0004311751628505655	0.0003216437228664316	0.0008138159745974542	2.2327501571300286e-05	0.00015713193501962688	-0.0012116929444110159	-0.0004837931044648972	-0.0005610675569543308	-0.00018795363667939248	-0.0002779692094107399	0.00017469294346319757	-6.86758212515797e-07	-7.878485524554537e-05	0.00011517130804459711	0.0002872478242192546	-0.00033371360312791753	0.0006854084382026464	-0.00015830083623336765	0.0002506083044160486	-0.0010636540113120895	0.00024819325729177546	-0.0005494729976679218	4.223940107597264e-06	0.00038765952544575504	-0.00024465643935300216	0.0007036276458964935	5.897639498710103e-05	0.00043309459358511777	-8.816539980920203e-05	-0.0001882587612202067	-0.0005783638011260968	8.13517357749127e-05	-0.0	0.0	0.0	0.0	0.0	0.0	0.0	0.0	0.0	0.0	0.0	0.0	0.0	0.0	0.0	0.0	0.0	0.0	0.0	0.0	0.0
GA22	-0.060688948777340865	-0.011314025252375813	-0.0034453425340850307	-0.006206592752696394	-0.006429534378929302	-0.0016010399783202196	0.0016170222391038514	-0.002165869916091143	0.0042692199302494915	-0.0013028162802288783	0.002196032229142987	-0.0012577355870981746	-0.00032610958450957615	-1.006497723659149e-05	0.0012326287555373386	-2.943960059244404e-06	0.00029522229495277085	-0.00033892196456728873	0.0003726379404821417	-1.0560026039832773e-05	-0.00016018644885526455	-0.00028356660309605244	-0.00020719646809393084	1.5757492620002264e-05	-5.4517445052934013e-05	0.00023859789085061399	4.159952079087769e-06	-0.0001490116062946465	-0.0001895219093642134	0.00013165711244251437	0.00018838611659254472	-0.00022240304744822192	-0.00011349913883441733	-0.0002849282007145687	0.00015498514285382014	5.58291242190127e-05	-0.00031978599899362226	8.400044465479514e-05	-4.6006561435119505e-05	-0.00010922679422830007	-7.484527787688324e-05	-0.00023826424017363418	-0.00030627707523647263	0.0002801195132464477	0.0003187379839413015	-0.00015935106717017143	-0.0003344541194301778	0.00017432595383580789	0.00020885646621455112	0.0002561497517300288	-0.0002595503645439341	-0.0001270003767018219	-0.0	0.0	0.0	0.0	0.0	0.0	0.0	0.0	0.0	0.0	0.0	0.0	0.0	0.0	0.0	0.0	0.0	0.0	0.0	0.0	0.0
GA24	0.023325712027264762	0.0027073108409985283	-0.004726887952083502	-0.0010216603208582952	0.0023200740171843157	0.005658103865923281	-0.0011552153480874471	-0.0020346498655375274	-0.003337769770805981	0.0010190345082793178	-0.0002800957031764608	-0.0006498294020112564	4.887492019477447e-05	-0.000943539806684383	0.00021185756353396282	-1.1604751143139663e-05	0.00015069579246680488	0.0002865252139934957	0.00017319657553348288	-0.00010080147766466489	0.0003586336947757863	-0.00042512939724984386	4.928179641056019e-05	0.00021843132250586215	0.0005253853255346095	0.0006542747900680014	0.0004453730842202207	-0.00014527077553194918	7.559004877847879e-05	-0.00016354998318927736	-9.866658558227774e-05	-0.0010160235839245713	0.0003529254450537613	0.0010044060409133602	0.00014764968839622218	-0.00029086586417917545	-0.00031972492194129936	0.00015486117794522855	0.00010853161153553319	-0.00010157223242924475	-0.00022981893611127017	-0.00016225559574704798	0.0002114209474874944	0.00025123951856394574	-0.00017105783785406744	-0.00019046800151173703	-0.00018913690087744836	-0.00016187574959697446	-8.10691015851894e-05	-0.00017001030075502443	0.00020329271245366214	0.0001242258458760137	-0.0	0.0	0.0	0.0	0.0	0.0	0.0	0.0	0.0	0.0	0.0	0.0	0.0	0.0	0.0	0.0	0.0	0.0	0.0	0.0	0.0
GA30	-0.041826475451407205	0.012872064999102628	-0.030589208377012914	-0.008753315120997028	-0.0014548930582206998	-0.001915092828756515	0.004077614942263166	0.0021097968478174757	-0.000730477829171471	-0.0011113855311470988	0.0012345582087211742	-0.0002604448094468929	0.0007749665499414504	-0.00015936054656453565	-0.0002652637887564646	0.00020354030269374598	-7.018280202547778e-05	-3.52804346825468e-05	1.987067019152485e-05	0.00023807566953670548	-2.140946213758764e-05	0.00023940989315460987	3.982757634633064e-05	-7.251763083952273e-05	-5.706087117193381e-05	6.145297951357486e-05	4.473940620561146e-06	8.187471676202549e-05	8.586081281141862e-05	5.3854818972707646e-05	4.016555590170808e-05	5.371274070076114e-05	3.19297470262891e-05	-3.803827776817368e-05	6.28287211538633e-05	-1.2650489523878816e-05	-2.6178549212649008e-05	-2.037727462263462e-05	6.110697947841353e-05	-6.532222000210188e-06	8.435259360874882e-06	3.0321186436097476e-05	9.26133902993376e-06	-3.5037774827808166e-05	9.52458275053808e-06	3.5187110177233406e-05	3.0496568527358926e-05	5.7526368947602055e-05	-1.3974552871848199e-05	-2.6517151376212164e-05	-1.466005845181637e-05	1.0995936117630358e-05	-0.0	0.0	0.0	0.0	0.0	0.0	0.0	0.0	0.0	0.0	0.0	0.0	0.0	0.0	0.0	0.0	0.0	0.0	0.0	0.0	0.0
GA34	-0.01723219255965027	0.013487435348120332	0.0013248860452710904	0.0011790908113648744	-0.0032776278243984718	-0.002668136982909761	-0.0016991032693141276	0.0014486682755227242	-5.371195629209706e-05	-0.0006534765744952795	0.0014609022343322119	-0.0022139580626461893	0.0009655356534695159	0.00015962623288196526	0.0002436904398360077	0.0012875234301911198	-0.00041253848767809696	0.0003897299682699875	0.00015474519180879223	0.0008949053569531671	3.020471664026708e-05	0.0018262124180186863	-0.0009604354108572011	-0.00042511306977961185	-0.000745408051541534	4.661434183158758e-05	-0.0002824191835960956	0.00013910800641907616	-0.0010421223395011806	0.000529135967028174	-0.0006173383772146857	-0.0013936852433184702	-0.0008564454679492083	0.0008425397179352337	-4.769016193124427e-05	-0.00042655179504677045	-0.0005758321042991741	9.121506888095026e-05	0.000545352844210228	0.00016367148401599712	0.0002329458955382578	0.0004412876796180922	-0.0002869427979570364	-0.0005421776157398603	-0.0005407928779253785	0.00026100338660918715	0.0001098318430972969	-4.935079893412843e-05	0.0005327991956241902	-0.000333038832940607	9.962932993141778e-05	1.7864071494992754e-05	-0.0	0.0	0.0	0.0	0.0	0.0	0.0	0.0	0.0	0.0	0.0	0.0	0.0	0.0	0.0	0.0	0.0	0.0	0.0	0.0	0.0
GA36	-0.03850190935266369	-0.0008489699064252731	-0.003858829192740101	-0.0016320847784219482	0.0036819405653012015	-0.0027969794574624098	-0.0011664063395159419	0.0024069083077452313	-0.0010980883941852726	0.00013331975704463292	-0.0014855514844561793	-0.0010183307192096112	-0.0009716821806489955	-0.0010260287029599583	0.0009002048400519531	0.00042716382696338226	0.002065677790867683	0.0008106582506936251	-0.00021737193307327585	0.0013157357712005224	-0.002347638509886975	-0.0013095605520071754	0.0005201349668289892	6.123397372101361e-05	-0.000496599237679322	6.497265603336496e-05	0.0008744922909724389	0.000916463636875157	0.0005294843068607324	0.00010332508830823768	-3.88956120685033e-05	0.00032098455409785984	0.00025094585495986823	-0.00020882188589899133	0.00022623173907096493	0.00010675190433875699	-0.00014175707334584936	8.146579586499758e-05	0.0002340758743622689	0.00015572493707671954	-0.0006219293593363795	0.000444384200255272	-0.0004176447387463336	0.0003385189395615325	-0.0005514348406613913	-0.00013328176619539038	-0.000580490783022261	-0.0005550262429825718	0.00044406599670978426	5.384224363296335e-07	-5.943244857894414e-05	2.1109352474677535e-05	-0.0	0.0	0.0	0.0	0.0	0.0	0.0	0.0	0.0	0.0	0.0	0.0	0.0	0.0	0.0	0.0	0.0	0.0	0.0	0.0	0.0
GA38	-0.10925662988259172	-0.02347345671376644	0.0022310745104357813	-0.00061668776311697	-0.0017987465586527666	0.0017323676739972136	-0.0008654014409091116	0.000296666619986603	0.0003678490729257529	-0.0015978788818895298	0.0019156245695002546	-0.0007854219642866812	1.7112049133590845e-06	-0.0010066929388633623	-0.0003355500891640108	0.0004719686603458355	0.0012868571529267465	-0.0012805668352015608	-0.0009074851644523748	-0.00035464627388872915	0.0007336501497026127	-0.0005119314828843759	2.7072891458654265e-05	0.0011703056491733463	0.00026676701931468245	0.00042435281338487754	0.0008878665432512422	-0.0003883268264966503	-0.001178680988979523	-0.00029928021789630687	-4.2512876340589744e-05	0.0004741917063519815	-0.00021161118300841087	-9.185314309408876e-05	0.00019716360238601784	0.00021480457416280256	0.0004671617359960501	0.00019632419568155066	-0.0005681125008031433	-0.00012721633778697944	-0.0005177331219549043	-0.0001274500162777343	0.00016712614595468315	-0.0006376960077861886	0.00024094782658744957	0.0004445338027459425	-6.800269818452695e-06	0.00024945655122840917	2.4047502496554724e-05	0.0002310566917633454	0.000352037885945837	0.00013975934163052434	-0.0	0.0	0.0	0.0	0.0	0.0	0.0	0.0	0.0	0.0	0.0	0.0	0.0	0.0	0.0	0.0	0.0	0.0	0.0	0.0	0.0
GA44	0.05024316770800889	-0.011467962289360275	0.0029127202328937192	-0.0008754096020674231	-0.0010633371960551284	-0.002848233250066031	0.001828964071517967	-0.00019292780642290514	-0.00034594565427614586	-1.953871195971152e-05	0.0003070303595224875	2.5069175147191296e-05	0.0003378562557828617	-0.00043282338062770046	-0.0006804445398935578	0.00016385325871196577	-0.0004360398890346078	0.0006809501836204315	3.089139045768846e-05	-0.0007545782087326686	0.0010972455167187944	0.0003097936810715814	-0.00027202639598669615	-0.0008868577545812964	-0.00015663954113232707	-0.0004171638671679095	-0.0002931433078116037	-0.00022976453636089686	4.438543977734138e-05	0.00018103983863646545	1.8643802836510157e-05	0.0007801579788748479	-0.00026684711851773275	0.0003421907282220832	0.0010547625260460382	-0.00020058919073553174	-0.00013722683327294164	-0.0009982642034875062	-0.0004554550077913951	0.0006171624961043131	0.00032095019743563877	0.00045204812001220913	-0.00035847184559151425	0.000786365556617775	-0.000648734809104466	0.00038315299278197647	-0.0012633564217834404	-3.651522278156476e-07	2.899080427923013e-05	0.0009411724710836883	6.812761335229167e-05	1.7284528798288183e-05	-0.0	0.0	0.0	0.0	0.0	0.0	0.0	0.0	0.0	0.0	0.0	0.0	0.0	0.0	0.0	0.0	0.0	0.0	0.0	0.0	0.0
GA46	-0.02593530234083411	0.014172852036634244	0.004857788356053266	-0.0031961297223101225	-0.003463870776518357	-0.0036869241554658414	0.0005670335384849488	0.001090076240358982	-0.001416158291172264	0.0013675010470387858	-0.001544922149199491	-0.0011474544838734415	0.0005828000095036272	-0.00031305171475734983	-0.0011262105446722104	0.0007546346234127439	0.0003709151450910604	-0.00021879881469089951	-0.000254309859723109	0.0008036327738047949	0.0006238381795697391	0.00022344492609331916	0.001174860987346203	0.0003186259305477295	-6.3499559884547154e-06	1.0094883817799466e-05	0.0012812495911602158	-0.0005466217205082129	-0.0008030221566594961	-0.0008358065512142302	-0.0007429439235841902	0.0001657849721512092	1.6636401002495865e-05	-0.0005586201824564176	0.0001767786593913995	0.00042547573877522164	0.00041993054201474775	-0.0005239360935581753	-0.0007446285022114209	-0.00030417643061398297	0.0002203004827657798	0.00016323974370185425	0.0005189603878556077	-2.992342179048445e-05	-9.11222090705518e-05	-0.0006596233465892598	0.00022198639359377568	-6.578974655973977e-05	-7.832203208840699e-05	0.0002463851221536673	3.0267013755297052e-05	-0.00011894953486574293	-0.0	0.0	0.0	0.0	0.0	0.0	0.0	0.0	0.0	0.0	0.0	0.0	0.0	0.0	0.0	0.0	0.0	0.0	0.0	0.0	0.0
GA5	0.010241444656080508	0.005920305897524034	0.002785212046978914	0.0012401566319564551	0.0007864287810484178	0.001967400010483961	-0.00024539438125103716	-0.00024048398777522817	0.0006194441070216378	-0.00046283879906501113	0.00016242200851948236	0.0001217337652616837	0.0011049651394706966	0.0002015609843458036	-0.0009735190270786877	0.0002200267201197597	-0.0004273497360831669	-0.00019716951867234384	-0.0002766868943849781	-0.0003638156339739055	0.0005316639150556923	0.00027547178171016844	0.0004184697886907059	-0.00024256832418800703	-0.0008846955652934101	0.0005267071722569146	0.0005153101704013132	-4.156089635033113e-06	0.001088814867142333	-0.0015919070578804106	0.0012008350962513798	-0.0010051917991360413	0.00020545394735549087	0.0001434304324995717	-0.0003025427365723435	0.0008467086079502903	0.000571108963353373	0.0016051457537568233	-0.000389943473552431	0.00014707658434870286	-2.6603350356095843e-05	-0.000645790037450759	-0.0006933753361485686	-0.0007552452684908012	-0.0007864251067239578	1.8758707639135442e-05	-0.00024101126595741485	-0.00046747237356601333	-6.114793529301787e-05	0.00042990944871145836	-0.0004108154600817839	-3.928390233827388e-05	-0.0	0.0	0.0	0.0	0.0	0.0	0.0	0.0	0.0	0.0	0.0	0.0	0.0	0.0	0.0	0.0	0.0	0.0	0.0	0.0	0.0
GA50	-0.04680272800329318	0.0035186519274897246	0.0002613760192374925	-0.003182120535844986	0.007371369687519503	0.0031301259620068055	0.0036200033682754727	0.0010407488758758536	0.0003550672531841213	-0.000507479467890301	-0.00018948742800603012	-0.0020346836786963025	0.0013074749171070696	0.0011246562743819856	0.0007617476452582686	-0.0008259001075929206	-0.0012558883339283092	-0.002214223830614151	6.179183340178554e-05	0.0003202297937886302	0.0001658128417578925	0.0008022723337711299	-2.6677212243131404e-05	0.0004956112095332437	0.0001970860762880485	0.00026603905289105794	-0.0007284235736679366	0.0005916857560164628	0.000359696879841366	-0.00014350732090575604	0.00045377153810347216	0.0003311166126891969	0.00022311130894523196	-0.0003297730397289813	-0.0005528089827773175	-0.00033451497066684167	0.00026848268020979383	-0.00015192849078631462	8.325783504253433e-05	0.0006990654263456525	-0.0002879408331322917	-0.00029160079853436823	0.0004372714774793671	0.00016065512125996455	0.00014751322604587692	0.0002840403703722427	-0.0005386559418984679	-0.00014819688789146043	-6.468412279006793e-05	-4.114538205641954e-05	0.00016129852254093466	5.803894793589047e-05	-0.0	0.0	0.0	0.0	0.0	0.0	0.0	0.0	0.0	0.0	0.0	0.0	0.0	0.0	0.0	0.0	0.0	0.0	0.0	0.0	0.0
GA57	-0.022617352965953443	0.016264723265131575	-0.003331966668548469	-0.004566661795134882	-0.006388601259871741	0.003806366472299613	-0.004327245484504326	-0.002027896926176491	-0.0019408049496447857	0.003165746823646756	-0.0015729583270144888	0.001293411271616923	0.000461196000492878	-0.00031871954934297527	5.252606338338813e-05	0.00011521627270167952	-0.0004884137808684726	0.00016012100228997818	-5.4941114586857785e-05	-0.00011181477458963264	-0.0005065343438857955	-0.0006196680516802356	-0.0004588869308722708	0.000555155706668784	-0.00023478634295207628	-8.09681473292659e-06	-0.0001462215753299831	-7.614416254515096e-07	-0.00016542755387766907	-6.575736593651129e-05	2.9415326772972104e-05	0.00019997755375927953	-0.0005231395536882172	-2.470097159944287e-05	-0.00018515408825238206	-8.3957109089032e-05	-5.0855848834455504e-05	8.033076311482476e-05	0.00026946276721424037	0.00019352415555251722	6.850106427592925e-05	7.920947459582905e-05	-8.565617909623235e-05	-5.9696959593185375e-05	5.293134346064215e-05	0.0003240731823188951	3.961276640212379e-05	-0.00011332454269646004	0.00022077870963401738	0.00010171911072743726	7.00253925884668e-05	-2.691965206900382e-05	-0.0	0.0	0.0	0.0	0.0	0.0	0.0	0.0	0.0	0.0	0.0	0.0	0.0	0.0	0.0	0.0	0.0	0.0	0.0	0.0	0.0
GA6	-0.013503845816443722	0.012372554705573701	0.00041317970326987035	0.0005410669776975861	-0.0034987499208957314	0.0010733359784871749	-0.0025212560714881305	0.0007794675126110773	0.00010603551954454894	-0.0011062911034536082	0.0006865809904850467	0.0005639082612384093	0.0003383545918342195	-0.0008456131949777704	0.0016040593345402023	-3.964235184918381e-05	-0.0002719784082190604	0.0005245501220584945	0.0006186959708875518	0.0022753951225641792	0.0017576723027621143	0.0008446241201182963	0.0012043328080165395	-0.001134105647598697	0.0001968688080546172	-0.0005787173550143133	0.0007127413029568086	0.00015189063255113654	0.0008704959988161267	-7.94745121255095e-05	-0.0006156271868641548	0.0002549019791086698	0.00032022908357014896	-0.0011334447680708508	-0.00028242187967351116	-6.612764213745597e-05	0.001109828811283548	-0.00041430762872769294	-3.863730927789776e-05	0.0004104820093041831	-0.00013128298511443957	-0.0003947171550088264	-0.0002833810123108454	0.0003631796104021099	0.00029932326118506933	-0.0006859377699871248	-0.00013703947075726337	-7.398100007312489e-06	-0.0001369521665151225	-0.0003498134188294532	-7.386645001009016e-05	8.218204869489606e-05	-0.0	0.0	0.0	0.0	0.0	0.0	0.0	0.0	0.0	0.0	0.0	0.0	0.0	0.0	0.0	0.0	0.0	0.0	0.0	0.0	0.0
GA66	-0.04164355850312661	0.01654746961057931	0.013524602500028446	-0.012329614025407802	-0.002661988844982563	0.0009460890807057897	0.00024249580979282623	-0.004102054224374444	-0.00039963459517995453	-0.0030586734732583453	0.0009277924894239224	0.00019006015968203849	-0.0002488385508762888	2.026509517996636e-05	0.0009425306552127895	0.0003206257963229651	0.0004830540930693051	0.00018387135368466953	0.0002622700375775491	-0.00025210063543661376	-0.0004591401928944259	0.0001684670011508764	6.806108264107431e-06	0.00029793916522598843	-0.00012589070165460416	0.00012446315596471857	-0.000206230512378464	6.124349433299452e-05	-0.0001640597039361676	-0.0001176307006818833	0.00019916196875256618	-6.354409736605375e-05	-0.00013041436925240307	-6.034195141076268e-05	-8.119725266012752e-05	0.00014691476565865486	0.00014515500273976222	-0.0001615696822822499	5.854373655841902e-06	-0.00024094848117753697	0.00022201023035223164	0.0001390042798266962	-1.8481449776434465e-05	-0.00010889999800214519	0.00013848358065157598	-2.8202346712593367e-05	0.00013274085385667176	7.853979200742555e-05	-5.032647871410377e-05	0.0001434035286046541	0.0001061392185208414	-1.1381209848056685e-05	-0.0	0.0	0.0	0.0	0.0	0.0	0.0	0.0	0.0	0.0	0.0	0.0	0.0	0.0	0.0	0.0	0.0	0.0	0.0	0.0	0.0
GA68	-0.04641858249862	-0.0034000064459611522	-0.003321179616711196	-0.004845883418123989	0.0035966084468220657	-0.00424481219203771	-0.0016346353443549109	0.0011828045986763296	-0.0004299671804006169	-0.0011330566507073026	-0.0006291637390240704	0.0022221232512154797	-0.001868955358668406	-0.0009138477473410895	0.0001323276189205232	-0.0017565004234714793	9.484665831648248e-08	0.0005308696531060228	-0.0004281133779893309	-0.001079518649711211	0.001199896310972844	0.0002076092550974895	-0.0002539851514966054	-0.0006124624898184935	0.000415817660930611	-0.0005819956046227303	3.309571424367703e-05	-0.0002487483754491565	-0.0001933579738759027	0.0003737454069170066	-0.0005384709212661376	-0.0005170068827170439	-0.00032448994881242036	0.0006915221535000962	0.00011995353449938958	-0.000286689266348351	0.00011183384349316622	0.00017878790903009409	-3.908682134673092e-05	-0.0002510730296983499	7.903093493135707e-05	-0.00020173282909916013	-0.0005627945586289076	-0.0002769619314166015	0.00036911766487540747	0.00022906368444548404	0.0003962713580392431	-0.00011762359246277111	-0.00022480494375988797	-9.328614345209253e-05	-0.00027992251687170244	3.768215355317886e-06	-0.0	0.0	0.0	0.0	0.0	0.0	0.0	0.0	0.0	0.0	0.0	0.0	0.0	0.0	0.0	0.0	0.0	0.0	0.0	0.0	0.0
GA69	-0.12941037365597755	-0.028466429562380366	0.004262971850841336	0.0016377283006609774	0.0008832533906917087	0.0022830467957439243	-0.002073630265774251	-0.00014387955827124807	-0.0006063688231015549	-5.6264898998731146e-05	0.0005406428121066339	0.0003618070229548417	-0.00020147083868573125	3.909682944624668e-05	-4.2917600555556005e-05	-0.0004871549932254227	-0.0005412950721226285	-4.6493467705990246e-05	0.0003410721079861118	-0.0006185563129566928	-0.00024380364458795613	-0.0007265439929699525	0.00031708782825151747	-0.0004387886829548666	-0.00046825869097179913	-0.0006255369034092552	-0.0002436736797270856	0.0003624040282596484	0.00036248158130579284	-0.00048309437048298597	-0.00017356578488393227	-6.690863871750889e-05	3.631379849511462e-05	2.9351176096413636e-05	0.00015823892592343604	0.000209366304558095	0.00010306622302148868	-0.00045431756152078596	0.000583999670173663	1.9610215506603854e-06	0.0009091217044095618	0.00037583731744231415	0.0002643385436930894	-6.577950044425365e-05	-0.0005578988886363751	-3.549647619385122e-05	-4.7872729233054264e-05	-0.0007229685673984234	-0.0006570823560499938	-0.00041688012774056813	-2.213120574388017e-05	8.30414720389934e-05	-0.0	0.0	0.0	0.0	0.0	0.0	0.0	0.0	0.0	0.0	0.0	0.0	0.0	0.0	0.0	0.0	0.0	0.0	0.0	0.0	0.0
GA7	0.00939557699880459	0.006914539247494849	0.0026254193296669052	0.0019534147961433454	0.0009227365654349513	0.0021480066037254915	0.000148854756875356	-0.0007946915910808158	0.0006444949709659003	-0.00030845517436966553	0.00010590665996519173	-0.0011009947579835996	0.00042734634302145726	0.000878101940494138	0.00038975507866458503	-0.001303759068421004	-0.0010322782326719427	0.000988281813115407	-0.0028473265248577777	-0.0002068286402123748	0.0003218834218415917	-9.599503384893003e-05	-0.000496495819790692	-0.0011179122892983576	-8.933309174935798e-05	0.001166246690996797	0.0020083344715130422	0.0003959388711455843	0.00045332705424081513	0.00035019781965270905	-0.0002560292856477417	0.0011301700086815865	-0.00023091728327105765	9.51050243960044e-05	0.00017487564050321653	-0.00041265896865070445	-6.908501236747764e-05	-0.0003178329700648536	0.00063069964514819	0.0001218188846562778	4.220286255844335e-05	0.00039123792620379547	0.001019876580175816	-0.00034302202376006066	0.00012151771508600167	0.0001711972690902448	0.0005223442608553043	0.00024015531731601093	0.0004127529804282092	3.4984321345816224e-05	-8.409677522681107e-05	6.345445960692479e-05	-0.0	0.0	0.0	0.0	0.0	0.0	0.0	0.0	0.0	0.0	0.0	0.0	0.0	0.0	0.0	0.0	0.0	0.0	0.0	0.0	0.0
GA70	-0.04526367777309652	0.0063733300615298315	0.00018149382229883546	-0.0036873538029319457	0.005388959268978988	0.0065013246775518325	0.001239789420946593	-0.0006785071830185774	0.003687192076782412	-0.0006741174517028347	0.00022439821116386575	0.0013688791511271814	0.0015420633105508589	-0.00021205752530859055	-0.0018215779209738564	0.0015107163741282475	0.0006337317858800384	0.001509876671683999	-0.0003785366349825342	0.00012356554850959166	-0.00014881443395849	-0.0005350688628075645	0.0005216161304551185	-0.00033294374797572225	-0.00020930123913975797	-0.0005275778228676395	0.0006696821841944573	-0.0007718565237672833	-0.0003043859628629502	0.00015517984043583456	-0.0005202373922244493	-1.9715362334155684e-05	-0.00014883138581956885	-1.4774802386876862e-05	0.0004382450969518279	0.0001434156739809589	-0.0003377402715557268	9.945558844586752e-05	-5.241847929038851e-05	-0.00015914471897327282	0.00011287163902881829	9.789128756151823e-05	-0.0001036964898976123	-1.9204698983643238e-05	-0.000365400295645804	6.205106637037598e-05	0.000372635190947844	0.0001887862863774469	0.00010715770614060972	-2.9963555403070165e-05	-0.00012319398788562062	-3.8046095342949322e-06	-0.0	0.0	0.0	0.0	0.0	0.0	0.0	0.0	0.0	0.0	0.0	0.0	0.0	0.0	0.0	0.0	0.0	0.0	0.0	0.0	0.0
GA73	-0.14191230822660858	-0.03138995771167985	0.006067435130600905	0.0032685641313638276	0.0027797276905687394	0.00152576352967544	-0.0012870462503653084	-0.0009169763939794505	-0.0025115938904407935	0.001079875778373402	-0.0013183545673536297	0.0004419535501608969	-0.00038520318564923755	0.0005492022803986583	-0.0005275245140447975	-0.0002712048531725658	-3.9059038883473156e-05	0.00023048820316402601	-0.0002678216896942921	0.0005691358614861922	0.0001918176892120716	0.000561905884906575	-3.156389489522456e-06	-0.00039307006427949473	0.00023404967427364994	1.832651702270436e-05	-0.00019747094768123532	-9.041662746893606e-05	0.00019066176911886127	0.0004930555302996412	-2.8658248331174996e-05	-0.0002044013517300834	-0.00010498011750668835	-0.00015083601558192722	-0.00035400552578141673	-0.00041448593202474474	-0.00045709262176380655	0.00014497335622080693	-0.0002847396209891043	0.00014534178974878582	-0.000490829757908887	-0.00033477282908547855	-0.00033662741155790845	0.0005391540111997016	0.0004529651292104681	-0.00010095506512747641	-4.665631203879367e-05	0.00045995143981300096	0.0006184129171145151	0.0002953364030764148	-0.00029010828398738295	-0.00018702167128416367	-0.0	0.0	0.0	0.0	0.0	0.0	0.0	0.0	0.0	0.0	0.0	0.0	0.0	0.0	0.0	0.0	0.0	0.0	0.0	0.0	0.0
GA75	-0.020045282272051893	0.013508644527355021	0.0021416822025688608	-0.000957152275532258	-0.003197813801654498	-0.0015838446338620373	-0.0011720136017292287	0.0011426709524783704	0.0007228088598718612	-0.0003971063167994597	-0.001000093980369241	-0.0011706814855790616	-0.000149789751334641	-0.0016964794970576063	-0.0012290416993476676	0.0011272276304059709	0.0014929804406220186	-0.00011322688379459175	-0.0008688284183355828	-0.0006560680889401791	-0.00048419575323834136	-0.001136747903436326	-0.00046420212456450757	-0.0007427262774589928	0.0005631901799019335	0.0006416618564838395	-0.0013119201554961804	0.00086723857653853	0.0011911719653723784	0.0002481278287427634	0.001521767967792691	0.0002951742740008665	-0.00048665137336196905	-0.0002222639379423009	-0.000792761539296013	-0.0008668396258278055	0.0002929112189414578	-0.0002499551816541276	0.0002611011493624171	-0.00028533363249334614	0.0008084993642399831	-0.00011470335309365478	3.6321553508172944e-05	3.6287154928941075e-05	0.0008725716646738494	-6.0309951585400695e-05	-6.629541018723616e-05	0.0002914637358030915	-0.00036698838025147576	1.3893611482848288e-05	-0.00015554394155157007	6.464190309533592e-05	-0.0	0.0	0.0	0.0	0.0	0.0	0.0	0.0	0.0	0.0	0.0	0.0	0.0	0.0	0.0	0.0	0.0	0.0	0.0	0.0	0.0
GA76	0.03509522733025953	-0.0032512788750085056	0.0002325012887051045	-0.0013616827577072803	0.002742204306612867	-0.0002423337117757462	-0.0014834429831078377	0.0018505787428312575	-8.922543774740091e-05	-0.0007312720224772346	-0.00014720457998494208	2.952976316919714e-05	-0.00017909962456365904	-0.0005093243727957785	5.872751588828253e-05	-0.00021265743199877873	0.0009037244307772854	0.0012916880666196085	0.00016111380892661138	-0.0007599051181496998	0.00023743843191180417	0.00017030555225990446	-5.8810393558353835e-05	-0.00098998239584554	-0.00034583132263124426	-0.000714018201824322	-0.00011576693493337519	0.001164970261280264	-0.0009252943007894202	0.00023966233170857974	0.00019582992520727097	-0.0003976853943424763	0.0001403720628600521	-0.00040780537718453693	-0.00033322483547693153	-0.0007961660245209009	-7.08135809765951e-05	0.0014720565786781217	-0.00022441590616268205	-0.00027397875966253033	0.00039534184747783797	-0.0010515646325856569	0.0011538697800140857	0.0006528971578193545	-0.0003201245234419585	-0.00023130463087728189	-7.309917021601212e-05	-9.125415095831131e-05	0.0004660395869281393	0.00022091603023907387	0.0006712041089952999	-5.672168219762796e-05	-0.0	0.0	0.0	0.0	0.0	0.0	0.0	0.0	0.0	0.0	0.0	0.0	0.0	0.0	0.0	0.0	0.0	0.0	0.0	0.0	0.0
GA80	-0.0334744918491068	-0.010311025960381923	-0.00791365852886611	0.013889785651870074	-0.010006859647463746	0.0003406828489840472	-0.003535013314153146	0.00045679640596902514	-0.0027514855701364373	-0.0008185476279087384	0.0027050948348645676	-0.00039344831699409256	0.00019753528204965345	0.00019995028580309265	0.0004654937597467585	-2.3770276068151356e-05	-0.0001268150012681954	-6.320482119953041e-05	0.00019376536067916163	-7.2389004017805454e-06	-0.00017108641214800044	0.0001863146812098919	-0.0002686235298173722	-0.00016648173557074384	-0.00011874734784886444	0.0001954160786568363	-0.00013469367617407536	0.00022529264865111477	0.00014630426639367084	0.00013801332863237008	6.627094931719271e-05	-1.4054166938852544e-05	0.00015446639152484975	-5.238294221852327e-05	-3.8083338424172304e-06	1.3675249985362736e-05	-2.4532688501541666e-05	6.191652247112804e-05	4.466076593175397e-05	-6.411119452019093e-05	-1.107703592091031e-05	8.15495603411368e-06	-0.0001342789615861597	-1.4259118492192107e-05	4.27774433322502e-05	-0.00014222495126271905	0.00013162930493378338	7.280946652004361e-05	-7.4425979035301065e-06	5.655735290455079e-06	-9.536626684686124e-05	-1.9420750979392703e-05	-0.0	0.0	0.0	0.0	0.0	0.0	0.0	0.0	0.0	0.0	0.0	0.0	0.0	0.0	0.0	0.0	0.0	0.0	0.0	0.0	0.0
GB104	0.023080852082542257	0.0014275830903996854	0.002527612241338293	-0.00019910650895441377	0.0029122007891847165	0.0013260801120092115	-0.00032482732118185035	0.0012886280025631025	-0.00020731171438943921	0.0004168682311825976	0.00043971314114732223	-0.001413073425566231	3.200994553775607e-05	0.00040205295866778233	0.0003950669349392485	-0.0002794490428090745	0.000692641748896337	-0.00031299621201997234	0.000520623336148997	-0.0008545487330600949	9.986001226677465e-06	-0.00032489249719560486	0.0003294038105168567	0.00017717854254969983	0.00069814928540058	0.00019261121969037264	2.285846883965113e-06	-2.8339511338446206e-05	2.1489021109206617e-05	-3.702001594892995e-05	5.639104881492042e-05	-0.0008037137965496364	0.0005024357596055623	-0.00020927797117923174	0.0007653330182684232	0.0009836310491631022	-0.0004064349685258528	-0.0011228182022602813	0.0003328332459089959	0.0009441155321448216	0.0014442692757738863	-0.0006853829532367681	0.0007108904986272109	0.00012023076131510703	0.00033045259904587493	-0.00010007825485950108	0.0003955932023854878	-0.0007224603466679337	0.0006104980642978559	0.00020527876969774235	-0.00042425355127761875	-1.8512997204774913e-05	-0.0	0.0	0.0	0.0	0.0	0.0	0.0	0.0	0.0	0.0	0.0	0.0	0.0	0.0	0.0	0.0	0.0	0.0	0.0	0.0	0.0
GB114	-0.1004886610604627	-0.02086333038372193	0.002061877241465332	-0.002591771000947792	-0.0004316563918815617	-0.0013759009491669878	0.002631955685680669	-0.0029852278461151493	0.0007971370438089755	0.0001896256459553752	-0.001231051905185979	0.00032554749433400963	0.0007987893195692042	0.00038019275702199116	0.0009151902698602698	0.0006151001492262498	-0.000574978508716975	0.0012890040603155282	0.0008180220987571574	0.00021229901615085132	-0.0008444585459412962	0.0007818186953240136	-0.0003625410556502339	-8.78366643414831e-05	-3.042656896637612e-05	0.00025505343647335706	-0.0004623135760682162	0.0001903808523487631	0.0006264558967865708	9.592985593775581e-05	0.0003067477510367398	-2.5166815718852084e-05	0.0004392359139661362	0.00032063114640029964	-2.7292352527958575e-05	0.00014745264075405513	0.00022813321207382594	0.00010037916629736674	0.00021860788032534016	-8.988435393980281e-05	0.00015607331928675882	0.00030256326249402846	0.0001389931706867585	-0.00015207902949930654	-0.00035839291160120936	-0.0002997415201624977	0.0003213796550366301	-4.1961293637241306e-05	-0.00015943852638120054	-0.00021378645045107717	0.00021008435707115504	5.978182695855127e-05	-0.0	0.0	0.0	0.0	0.0	0.0	0.0	0.0	0.0	0.0	0.0	0.0	0.0	0.0	0.0	0.0	0.0	0.0	0.0	0.0	0.0
GB117	-0.017340771206806976	-0.002841304467214219	-0.008899693835495636	0.006700887229762913	0.0034294322359102645	0.0002266758098569738	-0.0008484956426609797	0.0002959227752230648	0.002772815460983015	-0.0029702906555875955	-0.0014374575125815543	0.001455379951995301	-0.0001230761099046186	-0.0007784685656371001	0.00044207323516207066	-0.0005996847175343589	-0.0006159701843118865	0.0003183925352235164	-7.105425278677933e-06	0.0002450927428293111	-0.0006302477178523838	0.00071809901559323	0.000779670830706981	0.0003310912702003732	0.0006142986285564397	-0.00026179733697020134	-0.00022753367661679978	-0.0004890867805331154	0.00030828098845252005	-0.0002488745294182843	0.0002964389597741668	0.0004999337122943608	-0.00017522760291854286	5.050052794999535e-05	-0.0003579042744239854	0.00018125783157754718	0.00028191037056882694	-0.00036605229535126803	0.00012943561015702615	0.00042741881220076557	-2.3649487369569473e-05	-8.828493096325554e-05	0.0004953561609654589	-4.7141163840960155e-05	-0.0002441414820134947	0.00035314195438235056	7.358816563604222e-05	-0.0001910181724285764	-3.575000178237135e-05	0.00022407986864481162	0.0005743682336182044	-4.577020477475295e-05	-0.0	0.0	0.0	0.0	0.0	0.0	0.0	0.0	0.0	0.0	0.0	0.0	0.0	0.0	0.0	0.0	0.0	0.0	0.0	0.0	0.0
GB127	0.015274366487446091	0.003895402473795961	0.003744735679532562	0.0007652931396422236	0.0018762321003909185	0.0011343774973971948	0.0009238088800613456	-0.0004490310904854216	-0.0006639522654987041	0.0004118080084582826	1.347709748792012e-05	-0.0003715705956667709	0.0006582117589638339	-3.0256072774510323e-06	2.4638585101610896e-05	-0.00020868984517153746	-5.477923294201489e-05	0.0002951873843059107	-0.0012192016597684843	-0.0002702204060636012	-0.0005359708119526103	0.0006556149083423481	-0.00016914640116086062	-0.000769721379404788	0.0007231172983716929	0.0003959548531399297	0.00010950068294374578	-0.0004317055659607737	-0.00018967130810013965	-0.0014607930420523982	-0.0003490691424424148	-0.0006731152146590722	0.0006860971702629917	-0.0012133012185255635	7.465294270555518e-05	0.0004881829598639595	-0.0010405383576976188	0.00012187820683452943	1.9953406020882013e-05	0.0002060211395536065	0.0005883242137026547	-4.156291250297356e-05	-0.001172071791317272	0.000982814435923011	0.0005658773149869625	0.0004127574826007052	-0.0002597256186390012	0.00046748309053198445	-0.0002555261156816712	-0.00048689646882392625	0.0005373073970050101	-2.0026569030731274e-05	-0.0	0.0	0.0	0.0	0.0	0.0	0.0	0.0	0.0	0.0	0.0	0.0	0.0	0.0	0.0	0.0	0.0	0.0	0.0	0.0	0.0
GB129	0.018827758650656126	0.0025093952094398264	0.0039780056298108464	0.0005002490616659534	0.002501078703032667	0.0005235309575936661	0.0012772550406295565	-0.0005964681626297125	-0.001280866562826638	0.0005956432611702212	-7.279904000845874e-05	-0.00012876987548537963	0.0003655772936902229	5.9173540542954355e-05	3.4546471532772176e-05	-1.8910532434431363e-05	-0.00025104009238135827	-2.635397525012585e-05	-0.00039255482374423367	0.000802963616798369	-0.00027160988853045756	-0.0007720990559660602	0.00031081048280733124	-0.0008871107836334406	-0.0014199517326293092	-0.0010285124003967386	-0.0016014371323570754	-0.0003550758967908965	-0.0008580705788836828	-0.000770556136310879	0.0004343991446186416	-0.00010805889038824389	0.0007401596091410468	0.0005692149667346959	0.000983520961177344	-0.0009166604730809782	0.0011883766150855414	0.00038169519603487473	0.0003571638678419936	0.0008604717538137821	-0.0008395450686682067	0.0003303919611165508	0.0006955506392658613	-0.0006019012451161932	0.0005511279268724775	-0.0002889599418599828	1.7566757868298697e-05	0.0003093137419368075	9.616554923193611e-06	0.00023348383467274126	-4.005394142624048e-05	-2.284503515277898e-05	-0.0	0.0	0.0	0.0	0.0	0.0	0.0	0.0	0.0	0.0	0.0	0.0	0.0	0.0	0.0	0.0	0.0	0.0	0.0	0.0	0.0
GB131	0.03772205121681629	-0.005495698043044774	0.00270240038051874	-0.0010982140919564573	0.003026232471926402	-0.003066457681425013	0.001041690178372666	-0.000686052874467554	-0.0024854232757198715	-0.0002754834872174084	-0.0007897415935964968	0.0007496107608916128	-0.001257269037329841	-0.00023861384603163945	2.582123964434571e-05	0.00026189761269355293	3.691350353338028e-05	0.00013151165502249816	-1.577654305388047e-05	4.984189356762922e-05	-0.0002309565845974953	0.00041141822623046804	4.381273087888711e-05	0.0006923745884268279	-0.0006267622855534155	0.0002684255270067195	-0.0002526895221784517	-0.0003061497924776437	-0.00024215181614368537	-0.00020997985445305145	0.00010098534509291117	0.0008673478503557801	-0.0004567214027075252	-0.000400290652528879	0.0006070416645418571	0.0011044107292217647	-0.0001484064801286529	0.0002443215192455639	-5.7432957070420916e-05	-0.00012218619912945976	-0.0001009455154905759	-0.00011702728084465396	0.00016193196398021806	-0.0005020957936955135	0.0005801307993046083	0.00027684202255108726	-0.00040477404259202984	-0.00037036454255404155	0.0008098776730330447	-0.0006667459666322851	-0.00017020867729003903	0.00011804437648120385	-0.0	0.0	0.0	0.0	0.0	0.0	0.0	0.0	0.0	0.0	0.0	0.0	0.0	0.0	0.0	0.0	0.0	0.0	0.0	0.0	0.0
GB133	0.0401944031535379	-0.005643479230421438	-0.0004948296941981305	-0.0017107180136376639	0.0015102496993152801	-0.0003390279745573039	-0.0015231451246108699	0.0017029696591236404	0.0010577377412608095	-0.0007447701464058565	-7.843667912109125e-05	0.0007973387499036334	-0.0002470530927851908	-0.0005524146867350706	-0.0009544053327535683	0.0010835887981230632	-0.0003487512938599416	0.00028494826207077495	-0.0005728187621670466	-0.0011381111901489077	0.0006754110555201715	0.000745830956937134	-0.0005781658421039247	-8.151344703649693e-06	-0.00039756420051015827	-0.0003182208266432271	0.0006227738351335555	-0.00039450262750872735	-0.00046273501356298047	0.0003237948192663705	0.0008024830126974095	-6.705337312134103e-05	0.0011179596743917366	0.0005432133964259551	-0.0009630035679233151	0.000478308778377885	1.7807184324675383e-05	-0.0011976925034075086	0.001655357073076468	-0.00018800247809314186	-0.0009648730647579949	0.0002449075061204472	-0.0004852218660285465	0.00013423012525709974	0.00032737063711527097	-0.0007303643583648008	-0.00012053719468902624	-0.0005172466347451179	-0.00014631071866920336	0.00022820167776801392	7.451079629577897e-05	-8.51010509691753e-06	-0.0	0.0	0.0	0.0	0.0	0.0	0.0	0.0	0.0	0.0	0.0	0.0	0.0	0.0	0.0	0.0	0.0	0.0	0.0	0.0	0.0
GB134	-0.04141135081412895	-0.007760516772249656	-0.004340223761048669	0.0014574272858070127	-0.006505045644198827	-0.006933822386539309	0.0008980436739011741	-0.0011720409025355685	0.0009929654839694161	0.0046200160113600165	-0.001747207886595922	-0.00013188337510814386	0.0011136736360342484	0.00035628617451360873	-0.0017959255284118797	-0.00016702229582658625	3.363784900969738e-05	-0.0003364450603217206	-0.0003304352543178558	9.19888209247026e-05	0.0005483929366113504	-0.0001540038250041975	0.0006720187364035842	-5.372882346469201e-05	0.0002469957370432874	-0.0004853734736483604	9.168791905985714e-05	-0.0002899010305136576	0.00011493836418598138	-7.345625663130511e-05	-0.00015536862822796774	0.00034956027740480324	-1.447361845034848e-05	-0.00016573314870822482	-9.135227619078875e-05	-9.654701615494851e-05	5.621895395909269e-05	-4.3250038686225706e-05	-2.73639352754483e-05	0.00028552381322994544	4.849477427519947e-05	-7.830560305140657e-05	0.0002808283419760005	-6.185082845362088e-05	-2.278591949026118e-05	0.00023780519152186134	4.246912814884325e-05	-7.397907881507323e-05	-8.960409625569636e-05	-3.286254792977271e-05	0.00016686195625076252	7.720676615168755e-05	-0.0	0.0	0.0	0.0	0.0	0.0	0.0	0.0	0.0	0.0	0.0	0.0	0.0	0.0	0.0	0.0	0.0	0.0	0.0	0.0	0.0
GB135	0.04883001892753932	-0.005221795442373699	0.0004908591956924747	0.0011582428043927543	0.009878741850469738	-0.00804111619850796	-0.008549579671356593	-0.0037780549918500603	0.0013000686997711387	0.0007058655438332333	0.003996477139977152	-0.0011546235517012032	0.0013982268998297945	0.0001985515443963055	-0.00014373296452633644	0.000555156157374599	-0.0002158616151543486	-9.091535237285457e-05	0.00021788702822048603	0.00020710000218855147	-0.000184712874628701	-0.000368383541282424	-2.099773941588631e-05	0.00019979686992018124	0.00018770597608842247	0.00033478750329185206	8.288214115707181e-05	-0.00016545886145408417	-4.8808952836264755e-05	-0.0001603322797184327	0.00018633129050242754	0.00028262627914062014	2.894918968944925e-05	-0.00016519923752960744	6.194660568070372e-05	2.6703898018057744e-05	-2.303564034822525e-05	4.8336908827095665e-05	1.6047871622966895e-05	-2.888752245665132e-05	-0.00016201334805216838	-1.886051879502246e-05	0.00010822180196179429	-2.4426756721244134e-05	7.003871011928489e-05	5.1949523630672554e-05	-2.854715539625197e-05	4.175862279072451e-05	-0.00022260351931992908	9.481906008477174e-05	6.592684854884136e-05	-6.17135020559872e-06	-0.0	0.0	0.0	0.0	0.0	0.0	0.0	0.0	0.0	0.0	0.0	0.0	0.0	0.0	0.0	0.0	0.0	0.0	0.0	0.0	0.0
GB140	0.021483171041168668	0.0015403270094989814	0.004106284913929952	0.00036204457089863306	0.0031939326811316676	0.00010708788131963866	0.0015468466681012925	-0.0008373634616482645	-0.0022890547733678455	0.0012552007970103225	-0.0006095728012788543	-0.00031344658103767207	0.00012512212738701288	0.00029241249636300406	-0.00018615479142335852	0.0005773978147380034	0.00011715643327055176	0.0005029833778819129	0.0011332148582714862	-5.733550511271653e-05	-0.00021734754219014047	0.0011939256280495214	-9.654106503864215e-05	-0.00027259426051245766	0.001416905710260978	-0.00031611440904829165	0.0008905910339709667	0.0011526510802119846	0.00046263658347330726	0.0011868170126050118	0.00022045146982090623	0.0001349052416549332	-3.652543995155036e-05	-0.0004740823761042298	-0.000533730960083674	0.0005506308032917106	-0.0007094205119821365	0.000131959160721352	-0.0001729153067976202	-0.0004731227874162693	-0.00048811474729797605	-0.0003440449327261875	0.00013512243135315027	-0.0011238594860987219	-0.000278761894571191	-9.148038673734516e-05	-0.00023355412410066542	0.0005197484489404163	-0.0005851632685934397	0.0005286187351203062	-1.4450735089501002e-05	0.00014420644668872542	-0.0	0.0	0.0	0.0	0.0	0.0	0.0	0.0	0.0	0.0	0.0	0.0	0.0	0.0	0.0	0.0	0.0	0.0	0.0	0.0	0.0
GB142	-0.014896046801807538	-0.004639737579123735	-0.006464737152801272	0.008139381775493651	0.006163538735622551	-0.0027528029231146073	0.00457915391673997	-0.0015065189117963859	2.546523802900488e-05	-0.0026141704834711267	-0.0020342608924316724	-7.931286505177853e-05	0.0005782562709014729	9.208060499729262e-05	-0.0009675429340745731	0.00013162263399788197	7.614562925192967e-05	-0.0004825648268982599	0.00013504995437102786	0.00046034182696072447	0.0005951956563916391	-0.0006144499275077458	-0.0009136629142309955	-0.00027455230863967166	-0.0004218877767583282	0.0006727915033116841	0.00031620458278287155	0.0002892547672650615	-0.0005013391604890496	0.0003090925718940204	-0.00037671170960524404	-0.00042869378880978427	-0.00016945055827381235	4.457807868502436e-05	0.00020242195137214585	-4.515870016476373e-05	-0.0005796808597423193	0.00027563452330748813	-5.6143386747979515e-05	0.00015707992144045287	-4.211270218097274e-05	0.00024163084842411203	-0.0003809305050549804	-0.0001813924819131019	0.0003329215462371847	-0.00029429337667193745	-0.0002500766233358102	-6.933457906294038e-05	4.857251125433477e-05	-0.00017208437883939608	-0.00022701393246534488	2.2005773694933458e-05	-0.0	0.0	0.0	0.0	0.0	0.0	0.0	0.0	0.0	0.0	0.0	0.0	0.0	0.0	0.0	0.0	0.0	0.0	0.0	0.0	0.0
GB147	-0.0030524093672411176	0.009577551313305795	0.0032805514221014107	0.00285525491846474	-0.0009272978650704756	-0.0007335500298192227	0.0011489760667968256	-0.0006979290009241838	-0.0007540658435023588	-0.0007289463335363341	-0.00019399254964042056	0.0010141106934227183	-7.16343424416349e-05	-0.0002608276450168848	0.00048752754638410644	0.0005998880607458005	0.0007922125526824037	-6.910645754549442e-05	0.000409230190674367	-6.183356875831006e-05	0.0007809647262405183	-0.00010622853162498276	0.00023201510147792908	-0.0014777275728650567	0.0011739211901990408	0.0008230200199562508	-0.000727957876171658	-7.404035117906035e-05	-0.0005513546095733676	-0.0008655053034315857	7.07062093519702e-05	0.000697063482087754	-0.0008876159935602742	0.0005412575149165323	-0.0015678262635346353	0.0011430068383747444	-1.533461792114277e-05	0.0006264335319204509	0.0005377991952127716	0.0008651580353270427	-0.00014585848942228543	0.0011255862301048198	0.0004763406668921384	0.0003709904727592324	-0.00035384288788850875	0.0002770902319436365	3.675643208534847e-05	0.00016192774496918361	0.0002784666680635468	5.890320365886504e-06	-0.0002039565158454932	-4.787424819390472e-05	-0.0	0.0	0.0	0.0	0.0	0.0	0.0	0.0	0.0	0.0	0.0	0.0	0.0	0.0	0.0	0.0	0.0	0.0	0.0	0.0	0.0
GB149	0.00706073391953452	0.0068552711509300215	0.0029217691562149948	0.001655623038451852	0.0003176549699933854	0.0014243121967953112	0.00013119052541462218	-0.0004223153068433692	0.0003657436714506686	-0.00044198005822337596	0.0002710284462199638	0.0005227729145990336	0.00012084962390024117	-0.00042215650888954837	6.696081042998902e-05	-3.997801433535956e-05	0.0007658421517578886	0.0002456562079836953	0.00017962001151527852	0.0013144352312811354	0.0006719363614449903	-0.0006567829240111251	-0.0004196539756265568	0.000584474697127651	-0.00031565445767818903	-1.4929192551673804e-05	-0.0016835311242418115	-0.0006332965947286374	-0.0006406963707102912	8.00074663088502e-05	-0.0008444241005328395	0.000734610751499103	0.0023230938259479993	-0.00022969936940097887	-0.0008358858923892698	-0.0005287350228404335	-0.0016036935186325223	-0.00031803259394603775	-0.00037607658082945325	-0.00017515807293812282	0.00033104426291103063	0.00018688848555595844	0.00022356798707985807	-0.000339624336205122	-0.0004867886029166265	3.5132596325271445e-05	0.00012787992431154716	0.00012026115822487681	-0.00015958379692006697	0.00012449026808709587	-0.00025035452525150163	7.791877621169404e-05	-0.0	0.0	0.0	0.0	0.0	0.0	0.0	0.0	0.0	0.0	0.0	0.0	0.0	0.0	0.0	0.0	0.0	0.0	0.0	0.0	0.0
GB153	-0.015229347660409964	0.006568194300350208	-0.0022857781734559103	0.004205068782451631	0.0015291907270627081	0.002090724893147591	0.001778612184375084	0.0016527375913386226	0.0015896968445143777	0.002194805330221472	0.0034628916373232446	0.001118439926279523	-0.000560673484298176	8.069658649220758e-05	-0.0019533289680323473	-0.0002053403912820187	-0.000715415641532195	5.03016474483589e-05	-0.0005756241228922324	0.00015861264082190013	-0.0011948487058700324	-8.787740412069596e-05	-0.00017620183516990276	0.0005105248691902564	-0.00042675965267634973	0.0003095066438825113	0.00015413726000380103	0.0007556318091562843	0.0009519247101851576	0.00022525730793102077	2.429928963923993e-05	-0.00022772467128613123	0.0004987075274180644	-0.00023197778213156388	-0.00013935741296438358	-6.799775061804826e-05	-0.0002753503818354425	0.00018037519562042788	-0.0004051796693761513	0.00046230103444053753	-0.0001298053816425881	0.00018875588329772674	3.744002891309887e-05	0.0003468397495130607	6.884378749340885e-05	-0.00043178857645121413	0.00020817092647859293	0.00018902187766904412	0.0001672517221872378	3.6454285304728085e-05	-0.00011507210869687957	-1.7234872454524368e-05	-0.0	0.0	0.0	0.0	0.0	0.0	0.0	0.0	0.0	0.0	0.0	0.0	0.0	0.0	0.0	0.0	0.0	0.0	0.0	0.0	0.0
GB157	-0.01710992567838443	0.014679335027602606	-0.00014076476201600456	0.0008680842474983326	-0.004317939886416667	-0.0008383116826958245	-0.0011970367352357172	0.0011592002128583394	0.0001577883582292879	-0.0008844064255418717	-0.000309724326942669	-0.00032903321913717494	-0.0025763031151097133	0.0040926179759421515	-0.0018269209797962328	0.00027028387467444546	0.00036281769522596667	0.0005990879738745294	0.000605776017680479	0.00012846969876600662	-0.0001708172971239055	-0.00044579048195003907	-5.944928416517533e-05	-0.00014019745069442267	-0.00016597342118181146	0.00047274477462207524	-0.00048075124621686896	-9.797433086161043e-05	-0.00023865983420339604	-0.0005893934601301551	-0.00020867219772571628	0.00013436443584837477	-0.00015896579038023596	-0.0001532057523139253	-9.155248244531559e-06	-5.044159723516975e-07	4.299491359011573e-05	-0.0001134030671708717	0.00017879856365737284	0.00042828382543608543	6.378972736447023e-05	-0.0001593623390367571	-0.00012890347373518827	-0.0003033719760824746	-0.0001944865802681294	0.00014322718090596388	-5.2768899309963975e-05	-0.000246721547795609	-0.000461631180703356	-0.0001438884568093359	0.00035782824844909493	4.7134231869323166e-05	-0.0	0.0	0.0	0.0	0.0	0.0	0.0	0.0	0.0	0.0	0.0	0.0	0.0	0.0	0.0	0.0	0.0	0.0	0.0	0.0	0.0
GB180	0.04621063323680661	-0.008994399445782043	0.0011565866237443756	-0.0013951807968626546	0.0002121926290061791	-0.0017705436991344557	-0.0003103612252658009	0.0012001338872349692	0.0011159283971787532	-0.000868498685144072	0.0006431799401887123	0.0001771561260683016	0.0005595776079267911	1.5998469277792666e-05	-0.0006311127446443361	-0.0005340031264323079	0.0002682526835259111	8.7562964098223e-06	-0.00043288023852370357	-0.0004788109548954856	0.00043187864207196684	-0.0007859057627316514	0.00015738293069792174	-0.00040744359411788554	0.0006692381001146725	-0.0004465099547336964	-0.00022387064689250802	-5.8158510523227305e-05	0.0006660799258689698	-1.1902347296997437e-05	0.00011347599386626063	0.0005392520988670114	0.0003288002107521075	0.0004975570561925825	0.00025165455303588084	0.0004072733854577514	-0.00014385127543646345	6.088921665468488e-05	-0.00048794256215013205	-0.00040110111421705764	-0.00017808681855585346	-0.00017886591677250012	0.00048806656816205034	-0.0005735059954571953	-0.0004702607757195062	-0.00024655766359658177	-0.000551158945145666	0.0003759193446012216	-2.5843731972298672e-06	-0.0014036327875909483	0.00011510050673279923	-0.000159778679282219	-0.0	0.0	0.0	0.0	0.0	0.0	0.0	0.0	0.0	0.0	0.0	0.0	0.0	0.0	0.0	0.0	0.0	0.0	0.0	0.0	0.0
GB181	-0.034129399584665994	0.0025682808448682874	-0.003860910779355017	-0.0006020266557194759	0.003610820972426493	0.0018918141865581228	-0.0008820905974712262	0.0027660822940021672	0.0002697383423164613	0.0018953172166476062	-0.0012018418951974508	-0.0020922511560388228	0.0011883468300407903	0.0003223688552785583	-5.62933547184205e-05	-0.00220596905131334	0.0007270879864648427	0.0005741486738866942	0.0011985061158766728	-0.00017660317649199209	0.0003680741507133695	-0.00019551283655818946	-0.0007290661399853733	-0.00032834915023419794	0.0002332130081970405	-3.4907159956729345e-07	-0.00020209416817457186	-0.0007521068099009382	-0.0005479938486080351	0.00011519970390256709	9.591037339765516e-05	0.00019619027056765856	-0.0003751427071602935	6.327463541300284e-05	1.4720095678933876e-05	0.00025567659183161815	-9.576374516212722e-05	0.0001648496400520913	0.00011340013277578203	3.4606758838182694e-05	0.00020194633554884185	0.00017407775465929983	-0.0006467873465962182	-0.0007534226806490002	0.0005622365196149413	-0.00033016230731308465	0.00030913724074541386	-0.00022842151150163524	-0.00028891327121859946	0.0002529723270458573	0.0003631270735089945	-0.00012758778897416226	-0.0	0.0	0.0	0.0	0.0	0.0	0.0	0.0	0.0	0.0	0.0	0.0	0.0	0.0	0.0	0.0	0.0	0.0	0.0	0.0	0.0
GB182	0.008514000293945449	0.0014278583151539665	0.00043539107216092316	0.0026266663068301886	0.005214788187775607	0.001435833110235681	0.0036906057390799305	0.0005807028876919039	0.0009594329917788311	0.003683932323791356	0.0026563653433866884	0.00030656979506982435	-0.002340780755973994	-0.0008933700632371141	0.0016270012699619257	-4.126262137410784e-06	0.0008351242139848693	-0.00021427016046513756	0.00044681852823119384	6.0053853990426344e-05	0.0004498706046637096	-0.00043256049039830635	-0.00026970553617493113	-0.00031004984031794935	0.0002250797246300771	0.0003325644221964753	0.00012121769578360302	-8.481257618970795e-05	-0.0005253981612570254	-6.921069718841851e-05	-0.00012129517112602265	0.00012586654617935443	-1.4967721058023129e-05	0.00020712539626557922	-5.271331567689738e-05	0.0002687232733756879	0.00022051223841651376	-4.2203249549625283e-05	-3.41076105212647e-05	-0.0003835999369569352	-0.00016857476476015668	-6.203836101029355e-05	-6.27554954419541e-05	-0.0003685924575989053	5.753015176937044e-05	-0.00010231321300023955	-2.1727328246454283e-05	-0.00025590626292783665	-3.3363226662080813e-05	0.00012110082270101632	0.00027477397948813846	5.806242248542243e-06	-0.0	0.0	0.0	0.0	0.0	0.0	0.0	0.0	0.0	0.0	0.0	0.0	0.0	0.0	0.0	0.0	0.0	0.0	0.0	0.0	0.0
GB99	-0.03131064889142212	0.015075106348275273	0.005646346172202408	-0.007210928747181573	-0.0038819246499618445	-0.0005620559089648068	-0.0029784047548170826	0.0011608094774658714	0.001187566614049347	0.0005445599148337964	-0.0009976478703694195	-0.0009963345179131945	-0.00013094604369432683	-3.819610460745649e-05	-9.595775022478475e-05	-0.001425768180017263	-0.0005864911221652252	-0.0008858677003232646	-0.00014648773539515048	-0.00045221298086497243	0.0008946549589892448	-0.00038834569734268605	-0.0006558593615864066	-0.0006499440847502312	0.00038612409699390326	-0.00021044749607965205	3.386519282743411e-05	5.270019617343971e-05	0.00030024872640718075	0.0005584200238643919	-0.00035845326102407833	-0.0001790103674311358	0.0008775810958778368	0.000503093695719671	0.0002565817151779865	-0.00011561002625651274	-0.00043104967194588465	0.0005431336963844897	-0.0001799508840465369	0.0002685310516388056	-0.0008711575241241005	-0.0004156804580685598	-0.00025403402919664926	7.777325496070476e-05	-0.00020763452775968117	8.465770424262958e-05	-0.0003939478329423196	-0.00010040724294292038	0.00016740996055371527	-0.0002709366937085121	-0.0002917030953215523	9.14330911206955e-05	-0.0	0.0	0.0	0.0	0.0	0.0	0.0	0.0	0.0	0.0	0.0	0.0	0.0	0.0	0.0	0.0	0.0	0.0	0.0	0.0	0.0
GCDF199	0.028921113751436058	-0.0014499753881754424	0.0029523553290037065	-0.0006886737914194949	0.0030466384278807343	-0.000815833407913524	0.0008024486121069251	0.0003254325578690043	-0.001712715776092201	0.0005386437994990707	-0.0003798205230028782	-0.00035612423785000763	1.0649388993206977e-05	0.00017779716970765406	0.0002939299149588425	0.00025449825434325926	0.0008609171113597794	-0.0005274670069021582	-9.13278428070451e-05	0.00015499986704406232	-0.00020256251305879764	5.957373628077377e-05	-0.0003313879467730543	0.000876176381115397	0.0012089071323163844	0.0006292488911306463	0.0009996528409574252	-0.0006547289058747166	0.00010914612037033169	-5.9119448739027085e-05	0.0008107620882410691	-0.00025468190797928007	0.0009926272448784073	0.0010675156126024991	-0.00023840228044540962	-0.001124899671181299	0.0012784707154863222	-0.0002783708579404938	-0.0003780743126364698	0.0003373983034760943	1.5531280795404243e-05	0.000723678826050306	-0.0009271209902368298	0.000435915994434712	-0.0005390123418500822	0.00030828236924049587	0.0004655184516792867	0.00016854358185135556	8.797295861742958e-05	-0.0003541759037908772	0.00012193132845438379	-6.450860417510101e-05	-0.0	0.0	0.0	0.0	0.0	0.0	0.0	0.0	0.0	0.0	0.0	0.0	0.0	0.0	0.0	0.0	0.0	0.0	0.0	0.0	0.0
GCDF203	0.005901849059261258	0.007082488591410385	0.0035477844835633083	0.001960684941431267	0.00045916358106792756	0.0005244493368393018	0.0010098020463709385	-0.0010146018936733573	-0.0005516480990554454	-0.00038280260718985066	5.396990201017643e-05	0.00017536048327504807	-0.00012891496534066905	-0.00012572404050350164	-0.00018473573551123785	-4.148083055952169e-06	-0.0007622524961019276	-0.0010565499636048077	0.0002833299510586227	-1.2018404109714327e-05	-0.0013817059018678697	-0.0011532246705304356	0.0012202953194103338	-0.001342730439907266	-0.000806697401731821	-0.0002764054482970813	0.00027219661033234667	-0.0008224126990741787	-0.0011789836537869959	0.0013486579434136157	0.0009563807022053281	-0.0006677782200941232	-0.0011315866807118957	0.0004358777932694488	-0.0003714001815653694	0.00028651706169528844	-0.00030982389777763287	-0.0011705143068418346	-0.0006908717532205926	0.000617726777463139	-0.00043870477453865976	-0.0011564465177910535	-0.000277158946883728	0.0003447298661236516	-0.00035386428126994176	-0.00023877316950262527	0.000247709572465977	0.00037313732769140125	-0.00018830985941210496	-0.00033765136458824285	9.981433058659907e-05	8.113150778123696e-05	-0.0	0.0	0.0	0.0	0.0	0.0	0.0	0.0	0.0	0.0	0.0	0.0	0.0	0.0	0.0	0.0	0.0	0.0	0.0	0.0	0.0
GCDF208	-0.033760455478668135	0.011527437020977265	0.004857194515879852	-0.002444538846954144	-2.813997421252692e-05	-0.0013855832094897776	0.0036825553679768227	0.0013405964607157144	0.00016292265278121433	0.003731218110807355	0.003507765018702874	0.0019820830626851586	-0.002197699582751881	-0.0006058057397401264	0.00022169882146116983	6.991790179562282e-05	-0.0006308572445763962	0.00014666992139248232	-2.623248530937416e-05	0.00028221399688028824	0.00038984341844821576	0.00023020460985392893	-6.725876524440276e-05	-8.541328546099575e-05	-7.716458915945887e-05	0.00016973561308837175	-0.0001035075762794327	0.00011806365598334852	0.00024775569060544534	5.1896729430905915e-05	3.325508127890399e-05	2.490980771913869e-05	-0.00046054293775651663	8.865070565302613e-06	3.070319184420177e-05	-0.00021189466205743742	3.4326902246800204e-05	0.00017237302515801277	0.00034542806386670934	0.00023633470989986257	0.00018902187888197243	-6.779729536383825e-05	-9.753808419732537e-05	-4.6006647855653686e-05	-3.469627387583365e-05	0.00028736901906573683	-9.105783051219278e-05	-6.651015883469995e-05	-1.722865905066691e-05	-0.00010860284059993437	8.54450837411492e-05	-2.044456646029025e-05	-0.0	0.0	0.0	0.0	0.0	0.0	0.0	0.0	0.0	0.0	0.0	0.0	0.0	0.0	0.0	0.0	0.0	0.0	0.0	0.0	0.0
GCDF210	-0.03866604875814125	-0.001286096527118367	-0.0052346864640101355	-0.002515837010282149	0.0028021051718385057	-0.0009775387240717349	-0.003018243747275814	0.0021262452155298814	0.0001711682851964179	0.0005345816416093751	-0.0021053080045857087	0.0005879333891879375	-0.0023553711239946104	0.0002671385450820992	0.0001869441522230839	0.00195004411435055	-0.0018554822286597464	-0.0010685771738925209	-0.00011036374211543208	-0.0003844654389916836	0.0007073817843733457	0.0005057932146899409	-0.0006542567276593407	0.0008224517948759926	-0.0003078277191599589	0.0010079051050065593	-8.904857403145562e-05	0.0002347403569791281	-0.0004158585167428767	-0.0005581960319382296	0.000298730401626435	-0.0006284796280701143	0.0003525662014771802	0.00012622865265214884	-8.90725038148359e-05	0.0002673348633140331	-5.995579341498746e-05	-0.00023014184214843568	-0.0004895695892540888	-0.0004686185050722847	0.00032213213901001464	2.2570610820700395e-05	0.000991496976485591	0.0004762259658983783	-0.0001839687652888795	-0.0005054466503659602	-7.88612557184489e-05	0.0005999323002414676	0.00010408377873855704	-4.663099462894716e-05	1.670565150241203e-06	-2.095642234266278e-05	-0.0	0.0	0.0	0.0	0.0	0.0	0.0	0.0	0.0	0.0	0.0	0.0	0.0	0.0	0.0	0.0	0.0	0.0	0.0	0.0	0.0
GCDF213	0.012898027906190058	0.0050482929035521535	0.0029887858769283896	0.0008620462476982343	0.0012320541934718646	0.001897086688738638	7.773113231661984e-05	-0.0001622143670420882	0.00015161034951891334	-0.0004984210184365268	0.00042439632369769593	-0.0001596339576704181	0.0005331645405354677	0.0003021023808802074	-0.0008193616820997157	1.2857620634224557e-05	0.0006835326335105496	0.00010968877430290138	-0.0001623951716367287	6.0950558725071035e-05	0.0009971851545561112	-9.00311951263411e-05	-3.607055884419746e-05	0.0025697703396784025	0.0015631679386440248	-0.0006506169545882476	-0.0009637381966503477	0.0010182860555353686	1.6460410007134453e-05	0.0005519635209931082	-0.0006473425382611548	0.0005042813838245569	-0.0013675928108227292	0.0002693962124145441	0.00039018598710019594	1.4775589715204445e-06	9.57939064357569e-05	0.00017294545024264498	0.0006926894732045783	0.000879873324163863	-0.0004655214117452928	-0.00046139965669134543	-0.00014578423265512315	0.0005587383126440853	-0.0005935622368741528	-0.0006211429448953647	0.00020014538793651924	5.526809620227533e-05	-5.352804011745879e-05	-0.0001528780238269956	-0.00010510706621344098	-6.630215985352658e-05	-0.0	0.0	0.0	0.0	0.0	0.0	0.0	0.0	0.0	0.0	0.0	0.0	0.0	0.0	0.0	0.0	0.0	0.0	0.0	0.0	0.0
GCDF217	0.03792159776253837	-0.004098874006411055	-0.0015866511234113182	-0.0015921722526113342	0.002380971042902914	0.0005208402219854193	-0.0022428298559843793	0.0014631852763015804	0.00031837637046994106	-0.0004866449432207945	-0.0005529722242878945	0.001096143522312425	-0.0009052561002167599	0.0007573362033043502	0.0009077536894322124	-0.00030348183514200517	6.4572159822574e-05	-0.0004841803128803668	3.5406501275194875e-05	0.0013268116198957385	-0.0006119247151001231	0.00027404656855158646	-0.0004472037251716613	0.0003861716773557515	0.00012117846867582281	-4.2832421816801465e-05	0.0007925622730435518	-0.001816401039635421	0.0004548940980247107	0.0004076070042104421	0.0005272609296757675	0.0005967302566444301	-0.0006942045389867213	0.00047364487898891936	0.00036727337086969616	-0.0006171862389861343	-0.00020926920427387285	0.0007176389450384262	6.733429524386645e-05	0.0005170168315019842	0.0017923103358141086	8.03003385931348e-05	-9.357433971080557e-05	-0.00047677063346355603	-0.00012810295303095054	-0.0006343449458565787	-0.0004955414681612065	0.000598121237775531	-0.00021941776465037415	0.00023447485973465224	-0.00016313847280456504	3.693814891540528e-05	-0.0	0.0	0.0	0.0	0.0	0.0	0.0	0.0	0.0	0.0	0.0	0.0	0.0	0.0	0.0	0.0	0.0	0.0	0.0	0.0	0.0
GCDF222	0.00435687615446283	0.00807650769914278	0.0032946725343926684	0.002826086084185062	0.00043041158336279504	0.0003494348594631735	0.0005994701023781058	-0.0011781850393430984	0.00038576221121861047	-0.0006473195006830185	-0.00027716164815038194	0.0004921766310673813	8.502693712978233e-05	-0.0005938519235706757	-0.0004695571808373427	0.0003260428374093745	0.00046533047318607395	-0.001224375645887845	0.0020715939296755592	-0.00091001938800072	7.804499118856397e-06	0.0006273713757882933	-0.0003622835043105484	-1.5606416317902155e-05	-0.0007694600788934835	-0.0009655801127228779	0.0011294183204067494	0.0009881421157355524	0.0006240670988907056	-0.0018733654894862973	-0.0003160548587150849	0.0006472060294403536	-0.0005481214515144494	0.0005618335746576714	0.0012141363336156843	-0.0010540514135979283	-0.0008563403502594058	1.9639872873202e-05	0.0003985382504833207	-0.00015646457143885312	-0.0001568009372382528	0.00023515373605260086	-0.00012707358327191458	0.0004131378890403312	0.0005765764102116572	-0.0003395225314305049	0.0002919981687601115	0.00024487582347166117	-4.2056678964420255e-05	-0.00013126209714416808	6.957469873076575e-05	8.226507282524266e-05	-0.0	0.0	0.0	0.0	0.0	0.0	0.0	0.0	0.0	0.0	0.0	0.0	0.0	0.0	0.0	0.0	0.0	0.0	0.0	0.0	0.0
GCDF225	0.04465286365580294	-0.008382790649303636	0.0019075091626651088	-0.001115321377844153	0.0006905302043703808	-0.002408133522545478	0.0008077535277745525	0.0005852019782801891	-0.00018590026747854007	-0.0005354620676240505	-0.00023931223203727445	0.0001376693514289307	-4.357097845845962e-06	-0.0007949348466286721	5.310319652921274e-05	-0.0006010514571448505	0.00018019332711831476	0.0003820492947482832	-9.609910251489321e-05	7.381220952627604e-05	-0.0008206446711535079	0.000281382486945495	0.0007781605513822301	0.0009531641392397227	-0.0011497676003938407	0.00043341210267068325	0.0010098419472152008	0.001107318050417394	-0.0008242997194005617	-0.00024275394419946767	-0.001510409201996968	-0.0004125173666981753	1.8057264511939638e-05	0.0007633083458430038	-0.0013152432038331554	-0.0003852426677084327	0.00015111696471758928	9.014798374634285e-05	2.279876210569991e-05	0.0007230242414182659	0.0003401371006653746	-0.0004933276912904022	0.00039573175903926235	0.00010774471213240627	0.0005070426225118936	0.0006958544477191524	-0.0002056363005203934	4.295785807408474e-05	-0.001098430123572399	-2.0623769446674652e-05	-0.00041469921752094503	-8.962756372154265e-05	-0.0	0.0	0.0	0.0	0.0	0.0	0.0	0.0	0.0	0.0	0.0	0.0	0.0	0.0	0.0	0.0	0.0	0.0	0.0	0.0	0.0
GCDF229	0.05447863190159829	-0.013438965025180476	0.0037731988857418377	-0.0002434004196419302	-0.0022912250346562766	-0.0025224031391023827	0.0029618024726594705	-0.0006469646042217902	0.00028027356204847947	0.00015383171536760594	-0.0004991679313613697	-0.00026720613470487077	-0.00039334280329827493	4.974704062028318e-05	0.00021254165918126072	-0.0005833597918528041	-0.0009473903708248257	-0.0011829222568439505	0.0002437344077734272	-0.0001148494226695128	0.00011710760211007812	-0.0010026454928727037	0.0013537726253893701	0.00038879411879707377	0.00030570712659487776	-0.0010085644243771291	0.0005751234163142352	0.0002945577347068214	-0.0004969276964889486	-0.00019003592071634002	0.0005380492071394971	-0.0006710289484891812	4.920152164377273e-05	-0.0014127932579875509	-0.0007291976830232419	-0.0008263644691985628	-0.0004083527452298593	0.00010518286918968341	0.0015701247045241688	-0.0005502370911645927	0.0004125051290870894	0.00039805625283910294	-0.00031905332397758935	-0.0007371207216698682	-0.00047617739809614903	-0.00011171155854961911	0.00010646233994404664	0.0002985894002852048	0.0004936589913315501	-5.058007751146929e-05	-2.3320175815362672e-05	-8.019574515312505e-05	-0.0	0.0	0.0	0.0	0.0	0.0	0.0	0.0	0.0	0.0	0.0	0.0	0.0	0.0	0.0	0.0	0.0	0.0	0.0	0.0	0.0
GCDF232	0.0715890875139652	-0.02152535352306084	0.004199050233483385	0.002450735098549165	-0.008997310606640278	0.005437147358942004	0.0007149264711778838	0.005759716906769421	-0.0007119589956508983	-0.0016335790968623478	0.0006119354546301818	-5.4797331835046546e-05	-0.00019962071345552276	-0.001074286223154362	-0.0006444763771228448	0.0003685273844841197	0.00047212952005743554	-0.0005724708030715072	-7.066606328477967e-05	0.00019812975786181276	0.00022760682014846042	8.741213260675576e-06	-5.6157067675457094e-05	-8.579784246890746e-06	2.7776040695924376e-05	0.0001293894441138983	7.68560111725638e-05	-0.00019688154574398713	-0.00025195954175553703	-5.466185715387648e-05	5.254486654591477e-05	1.13611273603003e-05	-0.00013878076493719648	-4.147348816311431e-05	0.00014095501151883532	1.1361117125951324e-05	-1.0347753189836288e-05	4.4447931943264066e-05	-7.990791685691699e-05	-8.586414602832947e-05	3.0457350224017078e-05	3.616709111710155e-05	-8.400549985837376e-05	-0.0002538798690749067	7.360622926109954e-05	0.00016353879871807716	-0.00010335757866690491	2.467025168520296e-05	2.771384046218797e-05	4.580593239649485e-05	6.670252536811025e-05	4.170638199593837e-05	-0.0	0.0	0.0	0.0	0.0	0.0	0.0	0.0	0.0	0.0	0.0	0.0	0.0	0.0	0.0	0.0	0.0	0.0	0.0	0.0	0.0
GCDF235	0.04265096859535258	-0.006507103989123677	-0.000699346770709978	-0.001404263296840286	0.0008815009765239869	-6.5066683693213e-05	-0.001446301311585481	0.0013195369760455348	0.0013847011291853162	-0.0004856015349940577	-0.0007584600741608637	0.00024695374724102985	-0.00031832943968975136	-0.0009784655864831958	3.372078150263767e-05	-0.0005341076470146385	-0.0013632637040447535	0.0009221394874959318	0.0010404049634232385	-0.0005289374339846753	0.00022755575340918348	-3.629789436436898e-05	0.000973891007477313	-0.00010880080669483894	0.0006480989589731932	0.00198186773815729	-0.000606273030454125	0.0009245305716737915	-0.0010401597811771034	5.695941080580835e-05	0.0006321138553783361	-1.4455085298662969e-05	-0.00022618539370304803	-0.0013807506552845818	0.001046144884403197	-0.0009505203590216894	4.7452654370925846e-05	1.5361481188538858e-05	-0.0008881144299753727	0.00021817255545137637	-0.0003380702127041613	0.0007820273185416456	-0.0004253637156435801	-2.620114231978224e-05	-0.00046011046216752974	0.00012116512200381333	0.0006685505259333343	-0.0002588835461567471	-0.00015431001076019978	-3.298282280206793e-05	-0.00027070876359006204	6.781151406206236e-05	-0.0	0.0	0.0	0.0	0.0	0.0	0.0	0.0	0.0	0.0	0.0	0.0	0.0	0.0	0.0	0.0	0.0	0.0	0.0	0.0	0.0
GCDF236	0.02190796477497895	0.0016382028087633352	0.0032538470710547157	3.000541019037509e-05	0.002675687199134632	0.0008146780586218123	0.0005672560056250283	0.0003448110843824335	-0.0005395117738369032	0.0003619740386687337	0.00010393038044988373	-0.0010149598037951606	0.0005489607781165743	0.00015777210158624853	0.00017915616228655575	-0.0009715077029107372	1.8784049627327816e-05	-0.0004519653568412108	-0.0002016620660177609	-0.0007928612167709134	0.0005064534949462161	0.00012924305746950785	0.0005536265816315841	0.0004783742577311781	-0.0022025607859838996	0.0010559328119792435	-0.0007201236915663086	-0.0011320241121314737	0.0009080581122502122	0.0002122654580679513	-0.0007722130390937513	0.0008870577909535809	-0.0012399833768068187	-0.00019132538167869026	-0.0012474138454606476	-0.0005424394064894326	-7.012299857579847e-05	-5.447088087756425e-06	-0.0002914966741919791	-0.0013004542138343662	-2.890807888449917e-05	0.00016352582011386444	-0.00031336602345609924	0.0006470660427007583	-0.0004469059944486215	-0.0004379353327054908	3.973023139068092e-05	-0.0004505885758795052	0.00011700506429457552	2.698621468307443e-06	7.708725179627811e-05	2.3654323332435395e-05	-0.0	0.0	0.0	0.0	0.0	0.0	0.0	0.0	0.0	0.0	0.0	0.0	0.0	0.0	0.0	0.0	0.0	0.0	0.0	0.0	0.0
GCDF238	-0.0018941876155548303	0.00927100249758097	0.003357097534940824	0.002875608273385484	-0.0008612120202146485	-0.0005353229385593265	0.0009022411333830959	-0.0008754062404679763	-0.0005788284158298895	-0.0008232409095806522	1.2564870801105718e-05	0.00045042552575863987	-0.0002452880832971099	6.497546310331562e-05	0.00036593799075726723	5.1540245181119844e-05	-2.792848415935489e-05	0.0016690309015578303	-0.0014760388675789163	0.0003319076506180063	0.00021010724201331739	0.0009481599881417724	8.069270279908818e-05	0.001243427119024939	0.00020651886607431623	-0.0008054026963185819	-0.00039553262222878725	7.689437161489084e-05	0.000658500657825439	-0.0006579227502935248	0.0009137754073865395	-0.0007632422425373525	-0.0005860271920575976	-4.2719523718361676e-05	-0.000213909790758975	-0.0010222937353176612	-0.0006123902986670317	-0.0011878364762239722	-0.001089249076333527	-2.0382688794527148e-05	-0.00024071381187275382	-0.00017329685292340216	2.0273885289153475e-05	-0.0009490651174862261	0.00039686207458417824	0.00011147242896834265	-0.0003040441590340675	-0.0006041908522507472	0.00020825253578847326	-7.257119338052656e-05	9.660997788330934e-05	-7.209309849426925e-05	-0.0	0.0	0.0	0.0	0.0	0.0	0.0	0.0	0.0	0.0	0.0	0.0	0.0	0.0	0.0	0.0	0.0	0.0	0.0	0.0	0.0
GCDF239	-0.006408423800479615	0.026420224516556227	-0.006035755493014711	0.01245639538130319	-0.0013251957768929377	0.0007039369820913455	-0.00019270542059871581	-0.004947445247719325	0.003093383327341342	0.0003683739095405585	-0.0017865556268419618	-0.0004051621926534536	-0.0017492793335597368	-0.0008856244556727561	0.0009183591532390307	-0.0005605269191670913	0.0007859253722074329	-0.0005631514480295763	-0.0001482919807273578	-0.00046791485412276274	0.0003306033875768661	-0.00011682265519999173	-6.510768231904126e-05	0.00010914742296490819	0.0002682891124807523	-2.10839206888102e-06	4.1270121227202846e-05	-0.0001922808573438686	-0.00047306216844746995	-0.00021277102581292775	1.1741386909221655e-05	-0.00028623811206589684	7.502707626378599e-05	9.551241265399641e-05	6.209699549613921e-05	0.00012177695543318044	0.00017098852443176061	-1.23411330908099e-06	-0.0003011640239801225	-0.0003364007144722895	-8.347358067930655e-05	-0.00018254559402177206	-5.243560591556278e-05	-4.0923030867758234e-05	3.0375213430330497e-06	-0.00015518911459857555	-0.0002059608449984557	-5.120852543598236e-05	1.0351683780727047e-05	7.620323600083461e-05	-0.00010696444472698805	-6.34194640162934e-06	-0.0	0.0	0.0	0.0	0.0	0.0	0.0	0.0	0.0	0.0	0.0	0.0	0.0	0.0	0.0	0.0	0.0	0.0	0.0	0.0	0.0
GCDF240	-0.015386896220560439	0.013034442621926982	0.0013725255204561687	0.0009213976835839516	-0.003437704446441202	-0.0010391102024974595	-0.0010015568909004817	0.0016644322384467998	-0.0002700293267232492	-7.126473001518188e-05	-2.152229878217177e-05	0.001977550815366067	0.0012844047774944133	0.00160642606738606	0.0014532986419625404	-0.00023188417047816987	0.0008415536921742066	-0.0015452430343287824	-0.0009863166284826321	-0.00047022354675673654	-0.00037310791808355397	0.0007789284102871705	0.0025314638364393035	1.91908227507151e-05	5.678390367937541e-05	0.0004100795332473771	-0.00016016600241454735	0.0004450781476210746	5.1759688613054494e-05	0.0008954124568285537	0.0005697086390164661	0.00012292867357520252	0.0005338885281373413	0.0009333738896176387	0.0010608025795359325	0.00020314419992707088	-0.0012766788804197773	0.0004954445192061217	7.170268712281485e-05	-0.0005075649194604459	-0.00029123794408186766	0.0006330770199121485	0.0001772443970712765	0.00016408113595473166	0.0001995928364475432	3.567408698739157e-05	4.030813355156345e-05	-0.0002502881738002216	-0.0003644865974773201	0.0002520258583936933	0.00012481630125269478	-8.28879095221296e-05	-0.0	0.0	0.0	0.0	0.0	0.0	0.0	0.0	0.0	0.0	0.0	0.0	0.0	0.0	0.0	0.0	0.0	0.0	0.0	0.0	0.0
GCDF241	0.04936291986076972	-0.006554137284884489	-0.010378193975260852	-0.004375216502620276	0.00020729664692833416	0.0005247234620910946	-0.00019380207612320846	-0.0029596953695488863	-0.0032770915699819442	-0.0004484188698913284	0.0013971566434265957	0.0033981178689055807	0.002014115829415586	0.0018939784519303746	-0.0001962833219239032	-0.0008923908671120186	0.0014922145568855745	-0.0006987889372263166	1.686244302083685e-05	-3.5922346182646225e-06	0.0003121981855835387	-0.0004994487386856196	-0.0009626678417920591	-0.0003878710506510738	9.69732287040776e-05	0.0005671772386372167	3.182445528546856e-05	0.00016878873279659972	-0.0003601214584337779	-0.0004239334503078924	9.380638133091856e-05	-0.0005387100633548941	-0.0002415699398271943	-0.0008944404436281346	-0.00022356737434973533	-0.00036127641732949605	0.0003525989320578612	-0.0006339682291474646	3.291142331027498e-05	-0.00028194279014450774	-0.00010755776469028996	-0.00025916192772213213	0.0002613764470991969	2.7440100763424363e-05	-8.104911641757362e-05	-0.00014152123562440934	-8.94271180380307e-05	-7.303797076555004e-05	0.00013447542825954228	7.346290535842028e-05	-0.00010059366040843192	2.2103097633689777e-05	-0.0	0.0	0.0	0.0	0.0	0.0	0.0	0.0	0.0	0.0	0.0	0.0	0.0	0.0	0.0	0.0	0.0	0.0	0.0	0.0	0.0
GCDF243	-0.014674298204284817	0.013863127274141733	0.0019488676307856773	0.0026712255010727325	-0.002816982181281557	-0.0027230080770858493	0.0008612495798479714	0.0023312805436879296	-0.001312534433688399	-0.001065344071008967	0.00021219679517400281	0.0005040643846226621	0.0013729647994119435	0.0003718824176885809	0.0018862341522573618	0.00033950386564127633	-0.0015507203341163084	0.0011516676155194341	0.000644993198666837	-0.002247490619304447	-0.0002352319503466387	-0.0021518017090217706	-0.0008795468375992233	0.0012453723380356546	-0.0002279397204097237	-0.0011194374098335116	0.0007241585952014704	-0.0005804237883115966	0.0003556988726690759	0.00019758111554978058	-0.0002442471124627706	1.4226731079585615e-05	0.0002548339976928977	-0.0005284101737327491	-0.0006053204990113679	0.0003848014129536017	-8.312795955626117e-05	0.0005172148155040386	-0.0007196185985016932	0.000800612674889178	-0.00024998935901453934	0.0005533991917217116	9.40038678892492e-06	7.91320257609896e-05	0.00031905000733856593	-0.00016160990888164714	3.4716139554961985e-05	0.0002165336175462042	8.426877008575417e-05	0.0001426333439943041	0.00011588769026309593	3.536556096684818e-05	-0.0	0.0	0.0	0.0	0.0	0.0	0.0	0.0	0.0	0.0	0.0	0.0	0.0	0.0	0.0	0.0	0.0	0.0	0.0	0.0	0.0
GCDF245	0.05372580237462929	-0.010791019093629482	-0.004995879816993531	-0.0024809947007972716	-0.0030487563106414905	0.002070778076230803	-0.0009869945905023774	-0.0014197006808203778	0.0008466188969507072	0.0014152526004394589	-0.0004555665746440531	0.00020575675221831157	0.0015184742932486566	-0.0020635321815518142	-0.00032320961239071613	0.0006783910148316879	-0.0018426510623795337	-2.59637782614715e-05	0.00029685353797975436	0.0010840785272293462	-0.00042631896585837545	-0.00035989799190407344	0.0005392837547906541	0.00037782193382664223	0.0010440782814811105	-8.494811183323911e-05	-0.000254623717907169	-0.0009185004396083937	-4.7808322599878946e-05	-0.0001512170172513811	2.8787088100931563e-05	3.177887855798668e-05	-0.0004440891614062313	0.000627255294277477	-0.00026330390437590104	-0.00015014789259769262	-0.0006131754191585797	0.0006491451829747458	0.00024611392526319083	-0.00019670348140752387	8.402219418255848e-06	-0.00022630937100531613	0.0002323067213619338	0.0001956352258724961	0.0006812457840375044	0.0002488560748626429	-0.00011598653283368994	-0.000572478105444733	0.00013296424211650229	-4.571708015572042e-05	1.5403454014832516e-05	5.012989744429639e-05	-0.0	0.0	0.0	0.0	0.0	0.0	0.0	0.0	0.0	0.0	0.0	0.0	0.0	0.0	0.0	0.0	0.0	0.0	0.0	0.0	0.0
GCDF248	0.05248127869470885	-0.011505158628368662	0.0008737023214354793	-0.0008872152976312088	-0.0022181603915310587	-0.0006768474685498024	-0.00038235130727636333	0.0005898362722375265	0.0024256805209740546	-0.0002729480116792858	-0.00030010983631817434	0.00030556177305264396	-0.0006598938292688522	0.0027243297037288046	-0.00024709621534812294	-0.0004271498960945651	-0.00011214333019666752	0.0010357151608819469	0.0005867406100233818	0.000101596282273554	-0.0007288977125498058	3.832570301876448e-05	0.0012332401705318092	0.00032462277290172797	0.0005125123968224629	0.0004274440407255083	-0.00032503189318509824	0.00028818548222978545	-0.00016813867899798343	-0.0003926221501563534	-0.0005946594681260295	0.00032140663748486334	0.00048440460456760205	0.000983996484754435	-0.0005990635505549728	3.728786344176454e-05	0.0005779089673253115	9.139275603532429e-05	-3.6636589441182694e-06	-0.00034708155070477205	-0.00011082068966834168	-0.0006026910933698235	-0.0007461172833077899	0.00014961899226401763	0.0007553787715431151	-0.00010329312690540112	5.446067214434859e-05	0.0002770670142494691	0.0008529147962541125	0.00025103536672919506	3.62882162235714e-05	0.00017738476834089958	-0.0	0.0	0.0	0.0	0.0	0.0	0.0	0.0	0.0	0.0	0.0	0.0	0.0	0.0	0.0	0.0	0.0	0.0	0.0	0.0	0.0
GCDF249	0.06260993406221736	-0.01454014311063785	-0.007013167499592185	-0.002326013066542358	-0.007166787615219144	0.004505949835440533	0.0010997934935662583	-0.004257920112099084	0.0002747908746404892	0.0005603751880312431	-0.00031593493821910075	-0.001940677188654072	-0.0019192141024589298	0.001067844281796926	0.0005896901129133771	-0.0002286021088444191	-0.00038483463951252423	0.0010669096563765891	-0.0001103099663936719	-0.00019459696532481713	5.46881370374118e-05	-0.0005170266841563687	-0.0001692367623121464	-2.4782926546278528e-05	7.812207213532844e-06	-0.00010490116807198506	0.000579775427946739	0.0002714681911949281	-0.0001016696888209224	-0.00019663098942648662	4.625337721429536e-05	0.00013005270691611695	4.972350509375681e-05	0.0003458970450941603	0.00022428431160711272	-9.940812327050998e-05	-3.947611239545574e-05	-9.25685351665303e-05	-7.69774212199075e-06	-0.00018748149175441323	-0.00024633930065866446	0.00012176212908829382	0.00029981104732421386	0.0002698243925781606	-0.00040381948870772916	-3.5219014441009846e-05	-0.00037844433596956643	-1.5505921647491166e-05	-0.00041190532574195815	-6.623895484494761e-05	-8.793318726470301e-05	-0.00010418323210626206	-0.0	0.0	0.0	0.0	0.0	0.0	0.0	0.0	0.0	0.0	0.0	0.0	0.0	0.0	0.0	0.0	0.0	0.0	0.0	0.0	0.0
GCDF251	0.044735315960569205	-0.004011838413355897	-0.009612728660413676	-0.003360930380517565	0.002207468437375941	0.0013230244560127316	-0.0005091161212727248	-0.0034778348449451993	-0.003113230569774786	-0.0010377571457360257	0.0007295724483148072	-0.0018987779351845098	-0.002083016234074064	-0.0010018668739209902	-0.0009432924706469381	0.0003243998160682927	-0.00018989736945306657	-0.00048097108634124607	-0.000552527428771946	-0.0010368613320822636	0.00010731210062798906	0.0009778276233472364	0.001399370340572874	-0.00023151690661192534	-0.0005982953912713686	-0.0012074924527448625	-0.0007669578294640262	0.0001577219070703805	0.0007778869989882697	0.0005617411770022272	-0.00036312100895414347	0.0007840900374940396	0.0005803404793389267	1.614363466468442e-05	-0.00015253164112130342	0.0005885109362600442	5.13726459365494e-05	0.00034396725791769234	-0.0004592705446977431	0.0005853202394885509	0.00047877886069942164	0.00035977995503226666	-0.0005667606032961491	-0.00030590754992808344	8.747609300771687e-05	4.4203266580455735e-06	0.0007358432154846222	0.00027840765943865005	0.00017158867219156537	6.4208936575368e-05	8.981318381502957e-05	-2.6923880091657147e-05	-0.0	0.0	0.0	0.0	0.0	0.0	0.0	0.0	0.0	0.0	0.0	0.0	0.0	0.0	0.0	0.0	0.0	0.0	0.0	0.0	0.0
GCDF262	0.002181189659213096	0.008334776008620688	0.0032489273134781	0.00247420734139286	-0.00024291876894271534	0.0003250961217050428	0.0006428935547976232	-0.0009544976247585482	-0.0002572749481053061	-0.0005809534998419272	-5.5220813482435564e-05	0.00028279542693673143	-0.00021807251005358523	-0.00019298568814100968	-0.0006202686218168933	0.0002119239934800089	-0.0004443759069671651	-0.0005935451877844293	-0.001319380546772834	-0.001087053816102576	-0.001902019251151226	0.000883047866783245	-0.00025891972608781935	-6.373414570910957e-05	0.0011374407829323704	-1.29925524282018e-05	-0.0007023471813024586	-0.0008267762138026066	-0.0005039949350137857	0.0009185381844048177	-0.001702233948759385	-0.000727795168057927	8.392783941397573e-05	-0.0010443849670027205	0.0006238136093915766	-0.00021263866242610604	0.0012797260605269547	0.0006457868739807738	0.00042842339443061993	-0.00039190218056623115	1.993250782880142e-05	0.00038668100397214997	6.533401349595753e-05	-1.001095122662245e-05	5.449176630883072e-05	-0.0004668146014977265	-0.0006110481788466317	-0.0003175874877761204	-0.00024973547178970963	6.804259504058204e-05	-7.55508002509468e-05	3.721996263992989e-05	-0.0	0.0	0.0	0.0	0.0	0.0	0.0	0.0	0.0	0.0	0.0	0.0	0.0	0.0	0.0	0.0	0.0	0.0	0.0	0.0	0.0
GCDF263	0.004614580751430914	0.00819633272639713	0.003648519032582505	0.0030194745601360685	0.0005988463942353956	4.2194240736535534e-05	0.0010159268891271858	-0.001553245069487228	-0.00034573180536222185	-0.0007890276623012546	-0.00019328042486370001	0.00015387964228601327	0.00028540073091047445	0.00023157085795732886	-0.0007957461159859194	-0.000500710006359907	-0.0004034475301757094	0.0005924127881269817	0.00023570685989273525	0.0015724013585470711	0.001845829179451031	-0.0011216933039254653	0.0001792592254668868	0.0010493013174271276	-0.001004912519539877	-1.6337189287687835e-05	0.0001143766762248597	0.0009189883356531122	8.918669901007016e-05	0.0016806432215462261	0.0008099894782187893	-0.0008453580169752058	0.00026772994437621365	0.00017722191574457699	0.0005671782858077615	0.0009239043896002499	0.0007818700178571961	0.0003582123026126675	0.00027698826425988685	-0.0007672276929850938	0.0008844292846899233	0.0006079096803680226	-0.00014128468154646356	0.0006503276790241013	0.0005434537978731085	0.000493692670931168	-0.00014985900581732618	0.00010080882625355291	-7.785192203104614e-05	-2.3428118696860802e-05	0.0002797451205179833	2.1118063681342318e-05	-0.0	0.0	0.0	0.0	0.0	0.0	0.0	0.0	0.0	0.0	0.0	0.0	0.0	0.0	0.0	0.0	0.0	0.0	0.0	0.0	0.0
GCDF265	-0.0150786846653477	0.012196133422266064	0.002319729452042201	0.0007946530947622295	-0.00269440566361424	-0.0015239138690587056	4.5622426825599155e-05	0.0007139910667741012	-0.0004398718905105184	-0.0006022405259030544	0.0006479103252461485	-0.00021597361777835384	0.00011553568663276974	-0.0014476860649258836	-0.0013158931040007638	-0.0033378245093102477	-1.895346034833743e-05	0.000341665009474351	0.0007280795972022818	0.0004643437302990886	-0.0016097944484240053	0.001281012730595941	-0.0007866219187876255	0.0006715356083720477	2.8484331490897442e-05	-0.0007506734165352638	-4.312036287171429e-05	-0.00035465727904079424	-0.00039914104762995016	-0.0006640854059545883	0.0009056440897331331	3.5630221072501115e-05	0.0002678438347580662	0.0001892021167071145	2.2917051591485777e-05	0.0007916980397108159	0.0003402119202586643	-0.0003812740518625789	0.00010788319493190112	-0.0008395900301548434	-8.964769149681523e-05	0.0001243511253297869	0.0005791205526803694	0.0005634445921737287	-0.0005871037448443308	0.0002314643375373817	0.000122222702999735	0.0005132557073033894	0.0001931822841305212	0.00010958549112963203	-0.0002443689209185415	5.166579870043481e-05	-0.0	0.0	0.0	0.0	0.0	0.0	0.0	0.0	0.0	0.0	0.0	0.0	0.0	0.0	0.0	0.0	0.0	0.0	0.0	0.0	0.0
GCDF266	0.026581207689330966	0.0012051673730969974	-0.0009116046988177674	-0.0009732170004926536	0.002443428263866182	0.003352228492435473	-0.0020570141723968965	0.0012160075337988717	0.0005113858689740054	0.0008301510947561464	-0.0005578038951210955	0.00022663537748521525	0.00035683707501279365	0.0009355828102371042	0.0006519751670891185	0.00047812420200108217	-0.0010039824260554401	-0.0005507596704064984	-0.0009713011645721613	0.0008886045680084223	-0.000670602366229979	0.00010386257640964151	-0.001331569269263314	-0.00026847057957879336	-0.00020879920644683344	-0.001377800462337525	-9.023667230474431e-05	0.0015194757844659743	-0.001704735493910969	-0.00022374525067015086	0.0005668247451477002	0.0015996218467593409	-0.0003640373089842115	-0.0003179363592947307	-0.00010234632739036727	0.0006862136689417509	0.00016244939740381884	-3.3957743398992755e-05	-0.0005095388795568361	-0.0005667384972850287	0.00014985681449003775	0.0001251407955925833	-0.0008148441598327938	7.94715167380249e-05	0.00020752311566637574	5.48215069815159e-05	7.214773307415257e-05	-0.0002589991837553502	-0.00027998502018775686	-0.00010847356542819861	-0.00023404775933454528	-7.953645176537136e-05	-0.0	0.0	0.0	0.0	0.0	0.0	0.0	0.0	0.0	0.0	0.0	0.0	0.0	0.0	0.0	0.0	0.0	0.0	0.0	0.0	0.0
GCDF269	0.04885694383038987	-0.010217029062265666	0.001865305304840883	-0.0010477670854820004	-0.000489189321251442	-0.002013530731649628	0.0008058617647883418	0.00017186500682270573	0.0005390802097426875	-0.0007451881305275337	-0.00046561928428099367	-0.0005209003042091487	-0.0017090940446204497	0.0011518294889173272	9.445213537574273e-05	0.000539754084546394	0.0008235135338187953	-0.0004930599510658208	-0.000412476114273376	0.0010656420835119082	0.00025416841670246657	0.00036444712236512227	-0.0011421218279702434	-2.5138534018233004e-05	-5.574203384145312e-05	-0.0011247917328922183	0.0003759209968326342	-0.0014830066943478156	0.000753856663917494	0.0003468601314879487	0.0006877902167747793	-0.0003643540281235501	-0.00022983356541556976	-0.0010357540260455607	8.826898441067443e-05	-5.542536732150957e-05	-0.000514397235156288	0.000836658764317693	6.168440592179683e-05	0.00019725489661533076	-0.0008854278835698172	-5.483520204110478e-05	0.0006040122917817054	0.000923417921596935	5.7673255216107466e-05	0.0005249705639295794	0.0009073198236758045	-0.0005738980004490336	-0.00047382033915286656	5.661171543073852e-05	-0.0001317102140267954	4.837238475342845e-05	-0.0	0.0	0.0	0.0	0.0	0.0	0.0	0.0	0.0	0.0	0.0	0.0	0.0	0.0	0.0	0.0	0.0	0.0	0.0	0.0	0.0
GCDF272	0.040245848349726394	-0.00606300686649429	0.0010112346300996248	-0.001270006524340493	0.0016982055466888963	-0.0013430739882124196	-0.00014362444591436806	0.0013207526170335247	0.00043159528256999144	-0.0007537943413258508	-0.0004734851044951774	5.160909144420632e-05	-9.886351174769255e-05	5.3395884024024386e-05	0.0005781712916295059	5.950155256725783e-05	-0.0007060725373114198	-0.0012726401969951192	-0.0007914170379110313	0.0011671134620621097	-0.00034684723071554656	-0.0015294559447125572	-0.0006038280449364019	-0.000808691837860107	0.0008288116356322046	-0.0007869033585596166	-0.0007286847002078139	0.0008641423462861931	0.0013797568125441465	-0.0007722380126722387	-0.0015842030989274849	-0.0012180677016895485	-0.0005964738263815617	0.0007438724000303124	6.784775977928784e-05	0.0005228144843542916	0.00011463978629192814	-0.0006468163803013514	-0.0005354712783114979	-0.00080871266400773	-5.129576492780503e-05	0.0002891158744035323	-0.0001036219206237379	-0.0001676162861742766	-0.0003082808635219494	0.00016524376351815037	0.0005099136825398924	8.505578073248912e-05	9.221151861213632e-05	0.0005964758809205861	0.0001924778613558234	8.574745274730228e-06	-0.0	0.0	0.0	0.0	0.0	0.0	0.0	0.0	0.0	0.0	0.0	0.0	0.0	0.0	0.0	0.0	0.0	0.0	0.0	0.0	0.0
GCDF274	0.03103942919463028	-0.0007774701974681179	-0.0012537069299096808	-0.0014138089983065745	0.002720871680503202	0.002334374944190337	-0.002265273870325785	0.0019447246618287505	1.3723840465006727e-05	0.00037691853438817814	-0.0007065104611968533	-0.0003865556020243367	-0.0003758326593847441	-0.00024296431540502239	0.0002848643709876302	-7.362502481062953e-05	0.00015293418831828924	0.0008877938628139957	0.000809103605187171	9.132444338472888e-05	-2.8503431661741516e-05	-0.0001767143556979924	0.0004471713372869459	0.0003316276311205604	-0.0007561192091291653	0.0010277529015916371	-0.000710574256475466	-0.0006947265486175894	0.0009801087925112712	-0.0001598645050819884	-0.0003478268074209755	-0.0006592118145405094	-0.0005671121322488832	-0.0007387153685711983	0.0006741620746367084	0.0006525310882950377	-0.00015715190431386268	-0.0005245869661648898	0.0008316369485483468	-0.00012450846669604775	-0.0011234579296424926	0.00018094415897614642	0.0002817512781341471	-0.0003277751837789925	0.00035089963272207146	0.00040000381772486277	-0.0002120035998030654	0.0009312189410004773	-0.0003197175331338	3.6248263564509365e-05	-4.207008892224329e-05	-0.00010741815570786504	-0.0	0.0	0.0	0.0	0.0	0.0	0.0	0.0	0.0	0.0	0.0	0.0	0.0	0.0	0.0	0.0	0.0	0.0	0.0	0.0	0.0
GCDF277	0.05866969982368063	-0.015971709248719993	0.005110836746414504	0.00015678904061673278	-0.004365912542914333	-0.0025771432654853356	0.004357048023303155	-6.524923426640774e-05	-0.00021785405914473007	0.000606884509629084	2.4940305298843974e-05	-0.00026949942676442575	0.0013653973557359552	-0.000288216486881915	0.0005984097599311075	0.00018452358130900117	0.0001020369120048673	0.0007278706287383252	0.00011401010843797469	3.090387269159681e-05	-0.0004221029959706	0.0005370243188164295	-0.0008128851193858837	-0.0003333037572053326	0.00013391438575747347	0.000974807588808768	-0.0005561927883116176	-7.752728183584109e-05	0.00016634378046282886	0.0001151514770334107	0.00014325602564070692	0.00011405752892721166	5.2746632350000114e-05	0.0006703726337915331	0.0003597526253771328	0.0005968965923568721	0.00019513346258578267	0.00016418134573878217	-0.0005620660374834272	-0.00020127779963654294	4.03011289232427e-05	-0.00017862329210839754	0.00029131162614516696	0.00012704116891654535	0.0004573042134724143	-0.000819250539132429	0.0005234415414262947	-0.00017456245932648414	-0.00034852851080150886	-0.00016748633680619218	-4.2345862871382556e-05	-3.704734284301753e-05	-0.0	0.0	0.0	0.0	0.0	0.0	0.0	0.0	0.0	0.0	0.0	0.0	0.0	0.0	0.0	0.0	0.0	0.0	0.0	0.0	0.0
GCDF280	-0.00966842629724257	0.011194407037307733	0.0029565755574507435	0.0028749563158560784	-0.0018515242883209136	-0.002069977295301629	0.0013499854847747468	-0.0003256143891840946	-0.0016433686016452103	-0.001338987745253463	-0.0007307267233952643	0.000687286243515611	0.00018255892405877574	-0.0008099488619310564	8.326114418999564e-05	0.000992462516209266	-0.0010278442440899297	-0.00040041823129611864	0.0005526366744528989	0.00015707520359119434	-0.0003240345658493572	-0.0004912951352577254	-0.0008637585296075732	-0.0001120868152489763	-0.00014073602228340201	0.0011469607028201658	8.55967053799418e-05	-0.00020762425694808426	0.000471056436677544	0.00034025210842123573	-0.00046766828066068536	0.0014280222159896408	0.0008035715068902543	-5.097173484850796e-05	0.0008371570138708415	-0.0002631264398246341	0.0003096176574789318	-0.00010467468713861792	0.0008171935050980553	-0.00031739143504684765	5.345508634947335e-05	-0.0018757392830832565	-0.0004376837957111233	-0.00024191909565647916	-0.00047449669443150224	0.0006061392714522286	0.00039602458439201614	-0.00013979261172160408	6.666662646833806e-05	0.00018157827037995806	0.00016579193734319477	-0.00016736531341857708	-0.0	0.0	0.0	0.0	0.0	0.0	0.0	0.0	0.0	0.0	0.0	0.0	0.0	0.0	0.0	0.0	0.0	0.0	0.0	0.0	0.0
GCDF285	0.056373445160440266	-0.012726717453914505	-0.00089629454741475	-0.0005825634309167642	-0.0037686070515391815	0.0007527621935877953	-0.0015193699130229051	-0.0008140406936681726	0.0034155017624894857	0.002354298657363185	-0.002146901551905068	0.001325978844204402	0.0011175879313606463	-0.0005370801494577692	0.0010550530754453425	2.1829367940045077e-05	0.0016757272129578535	-0.0009054350910359428	-0.0003050452184149788	-0.0006535686414281348	4.592006262519258e-07	0.0011389081344696966	-0.0009698588216728783	0.0003531831206296742	-0.0015883452096851635	-1.0217932844539221e-05	-0.00020227747993292093	0.000678939771663349	0.0004666949985631197	0.0007276444531866812	-0.000344890751798637	-0.00042814004005964015	0.000173777710839859	-0.0005439545982571348	-1.3771903289917783e-05	0.00042472636179522415	0.00047600203879808985	-0.000330093902613218	-0.0001493877831105271	0.0009792704549425233	0.00016487967655428527	-8.298176014202378e-07	-0.00022307783153751256	-0.0003672970345098707	-0.0003737605583302657	0.0002182882938295326	0.00019481839413655494	0.0003311423480097662	0.0002624225363964341	-0.00018465661796352408	0.00019433294811234137	4.308088631379658e-05	-0.0	0.0	0.0	0.0	0.0	0.0	0.0	0.0	0.0	0.0	0.0	0.0	0.0	0.0	0.0	0.0	0.0	0.0	0.0	0.0	0.0

Biplot	0	0

Site constraints	0	0
